      0/99    0.755G    0.1249   0.03129   0.02766    0.1839        31       416 0.0008761    0.1149 0.0002846 4.789e-05    0.1095   0.03054   0.02597
      1/99    0.885G    0.1192    0.0342   0.02559     0.179        62       416 0.0009678    0.1892 0.0004153 7.205e-05    0.1077   0.03122   0.02495
      2/99    0.885G    0.1156   0.03576   0.02417    0.1755        73       416 0.0009336   0.01351 0.0004496 8.795e-05    0.1069   0.03153   0.02417
      3/99    0.885G    0.1129   0.03824   0.02339    0.1746        67       416  0.000761    0.1014 0.0001951 3.094e-05    0.1113   0.03065   0.02431
      4/99    0.885G    0.1117   0.03866   0.02252    0.1728        47       416  0.003831  0.003378 0.0002141 3.668e-05    0.1096   0.03047   0.02346
      5/99    0.887G    0.1115   0.03808   0.02211    0.1717        27       416 0.0009578   0.01351 0.0001652 2.445e-05    0.1128   0.04051   0.02605
      6/99    0.887G     0.111    0.0368   0.02189    0.1697        30       416 0.0009441   0.07339  0.000126 2.054e-05    0.1113   0.03574   0.02615
      7/99    0.887G    0.1107   0.03883   0.02145     0.171        47       416  0.001915   0.02027 0.0002618 4.157e-05    0.1116   0.03129   0.02402
      8/99    0.887G    0.1105   0.03693   0.02136    0.1688        24       416 0.0007901    0.1047 0.0002267 4.356e-05    0.1074   0.03132   0.02219
      9/99    0.887G    0.1101    0.0364   0.02089    0.1674        13       416  0.002313   0.09704  0.000265 5.363e-05    0.1059   0.03186   0.02177
     10/99    0.887G    0.1097   0.03924    0.0208    0.1697        63       416  0.001227     0.133 0.0002875 5.305e-05     0.107   0.03145    0.0217
     11/99    0.887G    0.1098   0.04034   0.02046    0.1706        25       416   0.02521  0.003667 0.0007498 0.0001252    0.1066   0.03197   0.02234
     12/99    0.887G    0.1093   0.03942   0.02057    0.1693        34       416   0.01258   0.06744  0.002401 0.0004391    0.1033    0.0321   0.02096
     13/99    0.887G    0.1071   0.03838   0.02033    0.1658        24       416    0.1114   0.06908   0.02356  0.004682    0.1033   0.03055   0.02048
     14/99    0.887G    0.1051   0.03941   0.01951     0.164        91       416    0.5225   0.06757  0.009564  0.001388    0.1123    0.1074   0.02308
     15/99    0.887G    0.1017   0.03649   0.01984     0.158        29       416  0.001992   0.01351 0.0002561 3.681e-05    0.1189    0.7816   0.03068
     16/99    0.887G   0.09725   0.03678   0.01883    0.1529        55       416   0.04968    0.1226   0.01457  0.002914    0.1045   0.07609   0.02338
     17/99    0.887G   0.09346   0.03772   0.01847    0.1496        87       416   0.09733    0.1989   0.03652  0.007346   0.09545   0.08903   0.02181
     18/99    0.887G   0.09096   0.03645   0.01794    0.1454        31       416    0.1345     0.237   0.07813   0.02124   0.08673   0.02997   0.01901
     19/99    0.887G   0.08733   0.03598   0.01707    0.1404        26       416    0.3074    0.3857     0.234   0.06341   0.07984   0.02861   0.01661
     20/99    0.887G   0.08626   0.03462   0.01624    0.1371        57       416    0.1279    0.3191   0.06315   0.01661   0.09019   0.04395   0.01902
     21/99    0.887G   0.08292   0.03441   0.01547    0.1328        52       416    0.3797    0.3945    0.2657   0.07314   0.07693   0.02733   0.01284
     22/99    0.887G   0.08186   0.03402   0.01359    0.1295        52       416    0.3336    0.3269    0.2135    0.0709   0.07923   0.03242   0.01277
     23/99    0.887G    0.0805   0.03538   0.01229    0.1282        56       416    0.3753    0.3729    0.2521   0.09019   0.07404   0.03378     0.012
     24/99    0.887G   0.08023   0.03372   0.01243    0.1264        36       416    0.5201    0.3832    0.3564    0.1089    0.0716   0.02755  0.009774
     25/99    0.887G   0.07921   0.03468   0.01108     0.125        14       416    0.4501     0.359     0.289   0.07969   0.07273   0.03017    0.0113
     26/99    0.887G   0.07689   0.03287   0.01027      0.12        21       416    0.3778    0.2641    0.1972   0.06822   0.07887   0.03218   0.01382
     27/99    0.887G   0.07601   0.03438    0.0101    0.1205        91       416    0.3577    0.4214    0.2922   0.07151   0.07334   0.03409   0.01117
     28/99    0.887G   0.07259   0.03291  0.009369    0.1149        55       416     0.389    0.5114    0.2961   0.07077   0.07325   0.02535  0.008705
     29/99    0.887G   0.07194   0.03284  0.009453    0.1142        80       416    0.3559    0.3627     0.276    0.1055   0.07161   0.04168  0.009913
     30/99    0.887G   0.07064   0.03222  0.008599    0.1115        36       416    0.2917    0.1985    0.1226    0.0404   0.08744   0.04205    0.0184
     31/99    0.887G   0.06738   0.03132  0.008408    0.1071        27       416    0.3761    0.2672    0.1892   0.06786   0.07759   0.03479   0.01395
     32/99    0.887G   0.06463   0.03208  0.007987    0.1047        25       416    0.3618    0.2728    0.2031   0.07034   0.07902   0.03954   0.01166
     33/99    0.887G   0.06273   0.03017  0.007393    0.1003       107       416    0.4637    0.3407    0.2951    0.1146   0.06644   0.03307  0.009639
     34/99    0.887G   0.06415   0.02835  0.007442   0.09995        33       416     0.622    0.5166    0.4845     0.174   0.06105   0.02606  0.007144
     35/99    0.887G   0.05906   0.02862  0.006704   0.09439        69       416    0.7843     0.587    0.6424    0.2858   0.05132   0.02094   0.00571
     36/99    0.887G   0.05898   0.02844  0.006864   0.09429        71       416    0.7508    0.6644    0.6762    0.3092   0.04847   0.02248  0.005759
     37/99    0.887G   0.05805   0.02978  0.006956   0.09479        61       416    0.8081    0.5733    0.6135    0.3056   0.05566     0.021  0.006894
     38/99    0.887G   0.05836   0.02749  0.006853   0.09271        64       416    0.7922    0.5401    0.5966    0.2602   0.05517   0.02144  0.006388
     39/99    0.887G   0.05896   0.03004  0.006656   0.09566        53       416    0.8238    0.6462    0.6863    0.3269   0.04918   0.01997  0.005465
     40/99    0.887G   0.05791   0.02924  0.006285   0.09343        34       416    0.8078    0.6237    0.6614    0.3252   0.04746   0.02206  0.005382
     41/99    0.887G    0.0548   0.02945  0.006492   0.09075        35       416    0.8607    0.6116    0.6796    0.3527   0.04974   0.02002  0.005759
     42/99    0.887G   0.05486   0.02601  0.006133     0.087        63       416    0.8325    0.6864    0.7314    0.4019   0.04429   0.01872  0.005238
     43/99    0.887G   0.05312   0.02832  0.005809   0.08724        63       416    0.8907    0.6744    0.7311    0.3986   0.04522   0.02179  0.005138
     44/99    0.887G   0.05581   0.02756   0.00648   0.08984        38       416    0.8152    0.5481    0.6235    0.2897   0.04791   0.02362  0.006418
     45/99    0.887G   0.05285   0.02775  0.006103    0.0867        23       416    0.8349     0.714    0.7557    0.4045   0.04216   0.01986  0.004741
     46/99    0.887G   0.05173     0.026   0.00562   0.08335        68       416    0.8884    0.6953    0.7569     0.428   0.04065   0.01821  0.004644
     47/99    0.887G   0.05025   0.02686  0.005567   0.08267        45       416    0.9101    0.6865    0.7528    0.4288   0.04141   0.01815  0.004866
     48/99    0.887G   0.05182   0.02649   0.00578   0.08409        32       416    0.8692    0.7224    0.7728    0.4387   0.04129   0.01864  0.004812
     49/99    0.887G   0.05089   0.02846  0.005522   0.08487        95       416    0.9013    0.7115    0.7767    0.4575   0.03971   0.01781  0.004668
     50/99    0.887G   0.04835   0.02485  0.005512   0.07872        39       416    0.8763    0.7111    0.7619    0.4326   0.04282   0.01781  0.004757
     51/99    0.887G   0.04808   0.02405  0.005225   0.07736        35       416    0.9306    0.7243    0.8002    0.4497   0.04203   0.01769  0.004553
     52/99    0.887G   0.05047   0.02348  0.005312   0.07927        76       416    0.9116    0.7279    0.7964    0.4705   0.03926   0.01713  0.004438
     53/99    0.887G   0.04812   0.02725  0.005342   0.08072        39       416    0.9477    0.6982    0.7904    0.4525   0.04104   0.01723  0.004493
     54/99    0.887G   0.04819   0.02518  0.005295   0.07866       131       416    0.9091    0.7463     0.814    0.4949   0.03689   0.01672  0.004523
     55/99    0.887G   0.04713   0.02404  0.005105   0.07628        46       416    0.9351    0.7415    0.8134    0.4992   0.03733   0.01692  0.004218
     56/99    0.887G   0.04458   0.02328  0.004712   0.07257        42       416    0.9216    0.7135    0.8026    0.5181   0.03659   0.01747  0.004203
     57/99    0.887G   0.04765   0.02556  0.005475   0.07868        58       416    0.9085     0.744    0.8111    0.5013   0.03726   0.01713  0.004429
     58/99    0.887G   0.04722   0.02434  0.004955   0.07651        27       416    0.9513    0.7286    0.8154    0.4966    0.0377   0.01671  0.004091
     59/99    0.887G   0.04494   0.02324  0.004777   0.07297        37       416    0.9629    0.7118    0.8168    0.5198   0.03663   0.01638  0.004267
     60/99    0.887G   0.04449   0.02225  0.004987   0.07173        30       416    0.9144    0.7454    0.8187    0.5222   0.03596   0.01638  0.004061
     61/99    0.887G   0.04582   0.02258  0.005049   0.07345        41       416     0.955    0.7329     0.814    0.5073   0.03607   0.01687   0.00414
     62/99    0.887G   0.04455   0.02367  0.004911   0.07313        28       416    0.9135    0.7686    0.8249    0.5377   0.03652   0.01676  0.004317
     63/99    0.887G   0.04427   0.02365  0.004789   0.07271        63       416    0.9561    0.7429    0.8273     0.538   0.03478   0.01578  0.004024
     64/99    0.887G   0.04334   0.02413  0.004758   0.07223        96       416    0.9207    0.7819    0.8359    0.5339   0.03503   0.01553  0.004008
     65/99    0.887G    0.0432   0.02504  0.004632   0.07287        34       416    0.8942    0.7788    0.8295    0.5297   0.03532   0.01607  0.004339
     66/99    0.887G   0.04182   0.02331  0.004417   0.06955        29       416    0.8934     0.746    0.8181    0.5401   0.03464   0.01689  0.003967
     67/99    0.887G   0.04159   0.02122  0.004636   0.06745        48       416    0.9389    0.7609    0.8325    0.5437    0.0353   0.01571  0.004202
     68/99    0.887G   0.04137    0.0221  0.004595   0.06807        40       416    0.9281    0.7645     0.832     0.541    0.0353   0.01574  0.004226
     69/99    0.887G   0.04286   0.02298  0.004579   0.07042        57       416    0.8999    0.7522    0.8223    0.5508   0.03469   0.01698  0.004332
     70/99    0.887G   0.04207   0.02377  0.004685   0.07053        45       416    0.9402    0.7882    0.8407    0.5592   0.03455   0.01553  0.003871
     71/99    0.887G   0.04335   0.02446  0.004704   0.07251        94       416    0.9499    0.7793    0.8491    0.5528   0.03395   0.01513  0.003837
     72/99    0.887G   0.04209   0.02326  0.004849    0.0702        85       416    0.9477    0.7783    0.8438     0.566   0.03352   0.01491  0.004057
     73/99    0.887G   0.04104   0.02242  0.004406   0.06787        44       416    0.9296    0.7957    0.8496    0.5726    0.0331   0.01499  0.004092
     74/99    0.887G   0.04027   0.02171  0.004278   0.06626        67       416    0.9483    0.7696    0.8494    0.5621   0.03348   0.01496   0.00401
     75/99    0.887G   0.04077   0.02288   0.00436   0.06801        41       416    0.9297    0.8105    0.8477    0.5752   0.03253   0.01462  0.003802
     76/99    0.887G   0.04129   0.02212  0.004602   0.06802        52       416    0.9286    0.8085    0.8454    0.5674    0.0334   0.01546  0.003699
     77/99    0.887G   0.03964   0.02315  0.004221   0.06701        53       416    0.9125    0.8083    0.8487    0.5776   0.03303    0.0149  0.003772
     78/99    0.887G   0.04067   0.02329  0.004466   0.06843       101       416    0.9241    0.8074    0.8518    0.5905   0.03214   0.01468  0.003672
     79/99    0.887G   0.04054   0.02238  0.004567   0.06748        34       416    0.9175    0.7911    0.8423    0.5702   0.03319   0.01487  0.003549
     80/99    0.887G   0.04011   0.02173  0.004424   0.06626        56       416    0.8881    0.7914    0.8381    0.5507   0.03484   0.01491  0.003791
     81/99    0.887G   0.03936   0.02072  0.004369   0.06445        27       416    0.9479    0.7822    0.8448    0.5636   0.03366   0.01556  0.004182
     82/99    0.887G   0.03953   0.02168  0.004431   0.06564        29       416    0.9248     0.806    0.8471    0.5855   0.03239   0.01486  0.004139
     83/99    0.887G   0.03929   0.02111  0.004388   0.06479        34       416     0.942    0.7824    0.8416    0.5713   0.03198   0.01465  0.003895
     84/99    0.887G   0.03865   0.02181    0.0041   0.06456        52       416    0.9378    0.7873    0.8442    0.5889   0.03263   0.01491  0.003588
     85/99    0.887G   0.03932   0.02045  0.004614   0.06438        58       416    0.9551    0.7903    0.8487    0.5878   0.03223   0.01454   0.00364
     86/99    0.887G   0.03804   0.02086  0.004097     0.063        46       416    0.9225    0.8215    0.8521    0.5875   0.03169   0.01416   0.00371
     87/99    0.887G   0.03791   0.02027  0.004219    0.0624        50       416    0.8913    0.8206    0.8504    0.5823   0.03206   0.01501  0.003914
     88/99    0.887G   0.03807   0.02114  0.004089   0.06329        78       416    0.9256    0.8203    0.8582    0.5805   0.03251   0.01462  0.003474
     89/99    0.887G   0.03887    0.0211  0.004154   0.06413        39       416    0.9303    0.8114    0.8471    0.5836   0.03181   0.01443  0.003409
     90/99    0.887G   0.03881   0.02088  0.004271   0.06395        85       416    0.9154    0.8185    0.8504    0.6006   0.03116   0.01428  0.003599
     91/99    0.887G   0.03768   0.02118  0.004127   0.06299        36       416    0.9054     0.824    0.8521    0.5894   0.03151   0.01447  0.003653
     92/99    0.887G   0.03674    0.0192  0.004017   0.05996        70       416    0.9136    0.8217    0.8513    0.5866   0.03205   0.01424  0.003741
     93/99    0.887G   0.03829   0.02193  0.004206   0.06443        52       416    0.9173    0.8276    0.8518    0.5981   0.03149   0.01414  0.003759
     94/99    0.887G   0.03813    0.0217  0.004163     0.064        37       416    0.9341    0.8044    0.8501    0.5994   0.03142    0.0141   0.00379
     95/99    0.887G    0.0378     0.021  0.004259   0.06306        51       416    0.9227    0.8278    0.8548    0.6028   0.03118   0.01387   0.00374
     96/99    0.887G   0.03672   0.02103  0.003922   0.06167        28       416    0.9356    0.8037    0.8517    0.5844   0.03198   0.01466  0.003866
     97/99    0.887G   0.03777   0.02014  0.004217   0.06213        90       416    0.9189    0.8108    0.8517    0.5972   0.03093   0.01401  0.003801
     98/99    0.887G   0.03713    0.0212  0.004008   0.06233        73       416    0.9143    0.8304    0.8557    0.5942   0.03096   0.01441  0.003729
     99/99    0.887G   0.03717   0.02246  0.004144   0.06377        85       416    0.9492    0.8151    0.8609    0.6046   0.03037   0.01394   0.00391
