      0/99     6.56G    0.1046   0.03098         0    0.1356        24       640  0.001044    0.2095 0.0006276 0.0001148    0.0963   0.02188         0
      1/99     5.38G   0.09582   0.02804         0    0.1239        31       640  0.001111     0.223 0.0002839 4.156e-05   0.09444   0.01969         0
      2/99     5.38G   0.09326   0.02618         0    0.1194        25       640  0.001313    0.2635 0.0004146 7.658e-05   0.09349   0.01875         0
      3/99     5.38G   0.09339   0.02656         0    0.1199        46       640  0.001456    0.1757 0.0003914 6.492e-05   0.09315   0.01888         0
      4/99     5.38G   0.09215   0.02716         0    0.1193        37       640   0.00295   0.01351  0.000501 8.027e-05    0.0937   0.01731         0
      5/99     5.38G    0.0891   0.02742         0    0.1165        24       640  0.009908    0.1284   0.00251 0.0004735   0.08764   0.01834         0
      6/99     5.38G   0.08827   0.02753         0    0.1158        36       640    0.1916    0.1216   0.04581  0.008619   0.08111   0.01921         0
      7/99     5.38G   0.08692   0.02755         0    0.1145        27       640    0.2522    0.1686   0.09456    0.0228   0.07555   0.01897         0
      8/99     5.38G   0.08378   0.02594         0    0.1097        27       640    0.1131    0.2432   0.04176   0.01051   0.07656    0.0213         0
      9/99     5.38G   0.08026   0.02807         0    0.1083        55       640    0.1677    0.2297   0.06777   0.01316   0.07267   0.02542         0
     10/99     5.38G   0.07542   0.02502         0    0.1004        23       640     0.364    0.2905    0.1957   0.06755   0.06656   0.02011         0
     11/99     5.38G   0.07384   0.02502         0   0.09886        36       640   0.05115    0.2432   0.02393  0.006361   0.07435   0.02192         0
     12/99     5.38G   0.07148    0.0255         0   0.09698        28       640    0.4375    0.4257      0.29    0.1068   0.06053   0.02096         0
     13/99     5.38G   0.06691   0.02507         0   0.09198        46       640    0.6336    0.4797    0.4756    0.1523    0.0588   0.01718         0
     14/99     5.38G   0.06365    0.0231         0   0.08675        26       640    0.4396    0.2973    0.2664    0.1164    0.0649    0.0242         0
     15/99     5.38G   0.06089   0.02255         0   0.08344        31       640    0.3746    0.6419    0.3174    0.1427   0.04882   0.01644         0
     16/99     5.38G   0.05587    0.0223         0   0.07817        26       640    0.3993    0.5541    0.3141    0.1345   0.05532   0.02337         0
     17/99     5.38G   0.05433   0.02092         0   0.07525        48       640      0.17      0.25   0.07729   0.03854   0.06457   0.02543         0
     18/99     5.38G   0.05678   0.02241         0   0.07918        24       640    0.7746    0.5806    0.6368    0.2586   0.04782   0.01926         0
     19/99     5.38G   0.05566   0.02083         0   0.07649        39       640    0.3491    0.3851    0.2503   0.08969   0.06259   0.02572         0
     20/99     5.38G   0.05236   0.01951         0   0.07187        38       640    0.6931    0.6419     0.627    0.3111   0.04734   0.01586         0
     21/99     5.38G   0.04972    0.0213         0   0.07102        58       640    0.8955    0.5811    0.7319    0.3649   0.04309   0.01445         0
     22/99     5.38G   0.04697   0.01953         0    0.0665        21       640    0.5573     0.473    0.4278    0.2328    0.0492   0.02517         0
     23/99     5.38G   0.04479   0.01868         0   0.06347        28       640    0.7239    0.7297    0.7557     0.429   0.03937   0.01182         0
     24/99     5.38G   0.04363   0.01852         0   0.06215        28       640    0.7621    0.5676    0.6564    0.3019   0.04251   0.01463         0
     25/99     5.38G    0.0436   0.01779         0   0.06139        36       640    0.7444    0.6886    0.7104    0.4089   0.04348   0.01447         0
     26/99     5.38G    0.0407   0.01786         0   0.05856        37       640    0.8349     0.581    0.6712    0.3936    0.0416   0.01347         0
     27/99     5.38G   0.03728   0.01655         0   0.05383        44       640    0.7965    0.6622    0.7301    0.4991   0.03451    0.0126         0
     28/99     5.38G   0.03762   0.01649         0   0.05411        29       640    0.7793    0.7159    0.7742    0.4012   0.03934   0.01298         0
     29/99     5.38G   0.03794    0.0167         0   0.05464        24       640    0.8863    0.7432    0.8534     0.466     0.037  0.009685         0
     30/99     5.38G   0.03793   0.01677         0    0.0547        46       640    0.5678    0.4797    0.4674     0.237   0.05034   0.01723         0
     31/99     5.38G   0.03461   0.01495         0   0.04957        59       640    0.7607    0.5405    0.6428    0.3994   0.04309   0.01398         0
     32/99     5.38G   0.03659   0.01511         0    0.0517        27       640    0.9496    0.7635    0.8865    0.5991   0.03248    0.0101         0
     33/99     5.38G   0.03265   0.01556         0   0.04821        20       640    0.9158    0.8108     0.901    0.5852   0.02924  0.009585         0
     34/99     5.38G   0.03403   0.01523         0   0.04926        40       640     0.918    0.7635    0.8736    0.6415   0.02709  0.008787         0
     35/99     5.38G   0.03205   0.01421         0   0.04626        24       640    0.8868    0.7432    0.8385    0.5843    0.0299   0.01007         0
     36/99     5.38G   0.03223   0.01502         0   0.04724        39       640    0.8889    0.8106    0.8743     0.622   0.02871  0.009854         0
     37/99     5.38G   0.02987   0.01479         0   0.04466        27       640    0.8786    0.7838    0.8634    0.6137   0.02627  0.009689         0
     38/99     5.38G   0.03138   0.01399         0   0.04537        33       640    0.8943    0.8581    0.9158     0.649   0.02676  0.008716         0
     39/99     5.38G   0.02981   0.01314         0   0.04296        36       640    0.8955    0.8716     0.904    0.6607   0.02463  0.009072         0
     40/99     5.38G   0.02994   0.01337         0   0.04331        39       640     0.873    0.7905    0.8515    0.5992   0.03527   0.01057         0
     41/99     5.38G   0.02931   0.01322         0   0.04254        28       640     0.913    0.8506    0.9084     0.673   0.02529  0.008798         0
     42/99     5.38G   0.02767   0.01282         0   0.04049        19       640    0.7794     0.716    0.7376     0.515   0.03411    0.0121         0
     43/99     5.38G   0.02825   0.01264         0   0.04088        24       640    0.9179    0.8378    0.9087    0.6597   0.02438  0.008491         0
     44/99     5.38G   0.02677   0.01257         0   0.03934        24       640       0.8    0.6757    0.7296    0.4968   0.04077   0.01215         0
     45/99     5.38G   0.02754   0.01271         0   0.04025        22       640    0.7789    0.7432    0.7938    0.5637   0.03005   0.01053         0
     46/99     5.38G   0.02881   0.01311         0   0.04191        23       640    0.8547    0.7568    0.8341    0.6055   0.03719   0.01055         0
     47/99     5.38G   0.02691   0.01263         0   0.03954        23       640    0.9225    0.8849      0.92    0.6984   0.02214   0.00778         0
     48/99     5.38G   0.02571   0.01243         0   0.03815        23       640    0.8188    0.7703    0.8241    0.6003   0.03055   0.01102         0
     49/99     5.38G     0.025   0.01193         0   0.03693        27       640    0.9203    0.8716    0.9197    0.7014   0.02386  0.007779         0
     50/99     5.38G    0.0253   0.01175         0   0.03705        23       640    0.8801    0.6486    0.7677    0.5512   0.03007   0.01118         0
     51/99     5.38G   0.02441   0.01174         0   0.03615        19       640    0.9398    0.8446    0.9234    0.7113   0.02161  0.007346         0
     52/99     5.38G   0.02467   0.01186         0   0.03653        28       640    0.9416    0.8716    0.9283    0.7062   0.02201   0.00743         0
     53/99     5.38G   0.02343   0.01161         0   0.03504        34       640    0.9179    0.8308    0.9149    0.7334   0.02379  0.008491         0
     54/99     5.38G   0.02447   0.01161         0   0.03609        45       640    0.9398    0.8444    0.9188     0.695   0.02267  0.007635         0
     55/99     5.38G   0.02333   0.01135         0   0.03467        28       640     0.887    0.7426     0.825    0.6322   0.03215    0.0108         0
     56/99     5.38G   0.02313   0.01211         0   0.03524        29       640     0.898    0.8918    0.9202    0.7453   0.01887  0.006982         0
     57/99     5.38G   0.02276   0.01103         0   0.03378        24       640    0.9348    0.8715    0.9228    0.7354   0.01997  0.007919         0
     58/99     5.38G   0.02257   0.01167         0   0.03423        35       640    0.9489     0.878    0.9339    0.7364   0.01863  0.007692         0
     59/99     5.38G   0.02192   0.01093         0   0.03285        19       640    0.9552    0.8648    0.9388    0.7519   0.01991  0.007145         0
     60/99     5.38G   0.02194   0.01048         0   0.03241        25       640    0.9351    0.8784    0.9283    0.7531   0.01905  0.007264         0
     61/99     5.38G   0.02115    0.0104         0   0.03155        22       640    0.9178    0.9053    0.9331    0.7594   0.01972  0.007331         0
     62/99     5.38G   0.02139   0.01176         0   0.03315        44       640    0.9403    0.8513    0.9097    0.6958   0.02374  0.008019         0
     63/99     5.38G   0.02065   0.01077         0   0.03142        35       640     0.948    0.8649    0.9311    0.7578   0.01935  0.006685         0
     64/99     5.38G   0.02171   0.01065         0   0.03236        31       640    0.9562    0.8849    0.9348    0.7703   0.01885  0.006916         0
     65/99     5.38G   0.02055   0.01084         0   0.03139        34       640    0.8645    0.8649    0.8952    0.7117   0.02236   0.00869         0
     66/99     5.38G    0.0202   0.01078         0   0.03098        39       640    0.8961    0.9324     0.939    0.7645   0.01873  0.006542         0
     67/99     5.38G   0.01958  0.009838         0   0.02942        27       640    0.9073    0.9256    0.9418    0.7734   0.01815  0.006281         0
     68/99     5.38G   0.02055   0.01121         0   0.03177        31       640    0.9475    0.8581    0.9134    0.7368   0.02076  0.007471         0
     69/99     5.38G   0.01906   0.01019         0   0.02925        33       640    0.9371    0.9053    0.9477    0.7689   0.01888  0.006587         0
     70/99     5.38G   0.01898   0.01007         0   0.02905        23       640    0.9182    0.9122    0.9433     0.784    0.0172  0.005989         0
     71/99     5.38G   0.01857   0.01013         0    0.0287        39       640    0.9628    0.8851    0.9438    0.7837   0.01769  0.006213         0
     72/99     5.38G   0.01858  0.009782         0   0.02836        30       640    0.9565    0.8914    0.9353    0.7773    0.0174  0.006587         0
     73/99     5.38G   0.01847  0.009874         0   0.02834        34       640    0.9179    0.9122    0.9384    0.7676   0.01783  0.006756         0
     74/99     5.38G   0.01774  0.009341         0   0.02709        26       640    0.9301    0.8985    0.9321    0.7837   0.01825  0.006945         0
     75/99     5.38G   0.01752  0.009406         0   0.02693        23       640    0.9366    0.8985    0.9377    0.7779   0.01682  0.006295         0
     76/99     5.38G   0.01799   0.00946         0   0.02745        37       640      0.95    0.8984    0.9432    0.7977   0.01643  0.005901         0
     77/99     5.38G    0.0172  0.009259         0   0.02646        35       640    0.8947    0.9189    0.9389    0.7907   0.01712  0.006365         0
     78/99     5.38G   0.01758  0.009528         0   0.02711        33       640    0.9642    0.9122     0.948    0.7988    0.0165  0.006356         0
     79/99     5.38G   0.01717  0.009364         0   0.02653        33       640    0.9369    0.9054    0.9316    0.7815   0.01791    0.0067         0
     80/99     5.38G   0.01676  0.009242         0     0.026        25       640    0.9555    0.8715    0.9348    0.7936   0.01682  0.006479         0
     81/99     5.38G    0.0169  0.008822         0   0.02573        22       640    0.9699    0.8716    0.9277    0.7891   0.01766  0.006919         0
     82/99     5.38G   0.01637   0.00906         0   0.02543        21       640    0.9296    0.8916    0.9421     0.818   0.01565  0.006454         0
     83/99     5.38G   0.01657  0.008479         0   0.02505        31       640    0.9305    0.9052    0.9388    0.8091   0.01658  0.006019         0
     84/99     5.38G   0.01655  0.009306         0   0.02586        35       640     0.919    0.8446    0.8957    0.7389    0.0206   0.00781         0
     85/99     5.38G   0.01641   0.00967         0   0.02608        43       640    0.9568    0.8986    0.9517     0.826   0.01611  0.005293         0
     86/99     5.38G   0.01637  0.009065         0   0.02543        19       640    0.9383    0.9257    0.9509    0.8148   0.01614    0.0057         0
     87/99     5.38G   0.01609  0.009252         0   0.02534        27       640    0.9577    0.9184     0.939     0.805   0.01613  0.005757         0
     88/99     5.38G    0.0159  0.008887         0   0.02479        30       640    0.9379    0.9188    0.9464    0.8176   0.01601  0.006073         0
     89/99     5.38G   0.01548   0.00807         0   0.02355        26       640     0.951    0.9187    0.9442    0.8208   0.01505  0.005762         0
     90/99     5.38G   0.01578  0.009299         0   0.02508        90       640    0.9571    0.9051    0.9543    0.8191   0.01556  0.005725         0
     91/99     5.38G   0.01512  0.008679         0    0.0238        29       640     0.951    0.9186    0.9451    0.8026   0.01581   0.00584         0
     92/99     5.38G   0.01531  0.008626         0   0.02393        30       640    0.9378    0.9189    0.9418    0.8111   0.01548  0.005638         0
     93/99     5.38G   0.01541  0.008193         0    0.0236        28       640     0.951    0.9189    0.9438    0.8051   0.01537  0.005825         0
     94/99     5.38G   0.01473  0.008726         0   0.02346        24       640    0.9329    0.9391     0.947     0.809    0.0168   0.00602         0
     95/99     5.38G   0.01445  0.008614         0   0.02306        38       640    0.9637    0.9054    0.9423    0.8011   0.01674  0.005868         0
     96/99     5.38G   0.01538  0.008616         0     0.024        28       640     0.958    0.9255    0.9559    0.8299   0.01532  0.005368         0
     97/99     5.38G   0.01487  0.007935         0    0.0228        27       640     0.957    0.9054     0.946    0.8154   0.01536  0.005413         0
     98/99     5.38G   0.01484  0.007843         0   0.02269        35       640    0.9627    0.8714    0.9429    0.8081   0.01573  0.005758         0
     99/99     5.38G   0.01561  0.008604         0   0.02421        25       640     0.937    0.9054     0.944    0.8244   0.01417  0.005486         0
