      0/99     9.84G    0.1118   0.05667   0.02847    0.1969        54       640 0.0005892    0.1182 0.0001613 2.598e-05   0.09963   0.04744   0.02599
      1/99     9.73G    0.1042   0.05992   0.02599    0.1901        30       640 0.0005724    0.1149 0.0001364 2.099e-05   0.09738   0.04788   0.02487
      2/99     9.73G    0.1023   0.06085   0.02488    0.1881       148       640 0.0006397    0.1284 0.0001926 3.167e-05   0.09709    0.0476   0.02415
      3/99     9.73G    0.1017   0.05682    0.0241    0.1827        55       640   0.02873  0.003378 0.0003362 0.0001376   0.09698    0.0474    0.0236
      4/99     9.73G    0.1015   0.05629   0.02367    0.1814        48       640  0.003897  0.002445 0.0002176 4.378e-05    0.0982    0.0466   0.02364
      5/99     9.73G    0.1013   0.06258   0.02298    0.1868        28       640 0.0005635    0.1115 0.0001984 3.462e-05   0.09699   0.04727   0.02297
      6/99     9.73G    0.1014   0.05837   0.02288    0.1826        27       640  0.008922  0.003378 0.0003394 5.681e-05   0.09654   0.04747   0.02258
      7/99     9.73G    0.1005    0.0598   0.02219    0.1825        59       640 0.0005745    0.1149 0.0002403 4.483e-05   0.09595    0.0476   0.02223
      8/99     9.73G    0.1004   0.05972   0.02203    0.1822        29       640   0.01186   0.03487  0.001753  0.000354   0.09533   0.04674   0.02148
      9/99     9.73G    0.0993   0.05329   0.02146    0.1741        40       640   0.05651   0.05723   0.01295  0.003217   0.09315   0.04353   0.02039
     10/99     9.73G   0.09683   0.05262   0.02073    0.1702        70       640   0.08918    0.1335   0.03741  0.008803   0.09144   0.04034   0.01954
     11/99     9.73G   0.09343   0.04738    0.0195    0.1603        43       640    0.1535    0.1917   0.09591   0.02709   0.08393   0.03977   0.01875
     12/99     9.73G   0.08759   0.04708   0.01731     0.152        69       640    0.1966    0.2756    0.1139   0.02866   0.07797   0.04613   0.01567
     13/99     9.73G   0.08578   0.04825   0.01513    0.1492        82       640   0.01837    0.2062  0.005573 0.0009433   0.09774     1.648   0.02598
     14/99     9.73G   0.08549   0.04647   0.01268    0.1446        51       640    0.2239    0.3598    0.1682   0.05088   0.07476   0.04015   0.01165
     15/99     9.73G    0.0825   0.04479   0.01141    0.1387        36       640    0.3313    0.3825    0.2608   0.07195   0.07318   0.05887   0.01257
     16/99     9.73G    0.0801   0.04553  0.009702    0.1353        29       640    0.4026    0.4071    0.2811    0.0774   0.06819   0.05932   0.01242
     17/99     9.73G   0.07485   0.04613  0.008889    0.1299        46       640    0.4349    0.4829    0.3753    0.1211   0.06552   0.03824  0.009668
     18/99     9.73G   0.07195   0.04082   0.00837    0.1211        34       640    0.4165    0.5126    0.3202   0.08978   0.06504   0.04968   0.00937
     19/99     9.73G   0.06966   0.04278  0.007298    0.1197        29       640    0.4871    0.5448    0.4122    0.1374   0.06198   0.03223  0.006477
     20/99     9.73G   0.06779   0.04305    0.0069    0.1177        38       640    0.6274    0.5552    0.5306    0.1916   0.05744   0.03094  0.005756
     21/99     9.73G   0.06416   0.03943  0.006312    0.1099        54       640    0.5778     0.583    0.5095    0.1929    0.0616    0.0291  0.005805
     22/99     9.73G   0.06384   0.04153  0.006124    0.1115        48       640    0.4746    0.5376    0.4598    0.1659   0.05408   0.03508  0.005102
     23/99     9.73G   0.06452   0.03717  0.005516    0.1072        33       640    0.5002    0.5774    0.4459    0.1954   0.05721   0.03188  0.005035
     24/99     9.73G   0.06129   0.03874  0.004853    0.1049        26       640    0.5936    0.6682    0.5826    0.2382    0.0502   0.02762  0.004545
     25/99     9.73G   0.06078   0.03702  0.004626    0.1024        40       640     0.564    0.6441    0.5491    0.1957   0.05372   0.02799  0.003693
     26/99     9.73G   0.05892   0.03684  0.004782    0.1005        27       640    0.5635    0.7015    0.6185    0.2304   0.05238   0.02886  0.004404
     27/99     9.73G   0.05797   0.03745  0.004497   0.09992        39       640    0.7635    0.4904    0.5502    0.2152   0.05207   0.03924  0.005215
     28/99     9.73G   0.05712   0.03805  0.004843       0.1        41       640    0.7626    0.7023    0.7498    0.3736   0.04355   0.02662  0.004237
     29/99     9.73G   0.05471   0.03585  0.004373   0.09494        53       640    0.8186    0.6577    0.7025    0.3491   0.04278   0.02846  0.003487
     30/99     9.73G   0.05211   0.03454  0.003884   0.09054        56       640    0.8836    0.7544    0.7996    0.3841   0.04102   0.02485    0.0032
     31/99     9.73G   0.04998    0.0363  0.003808   0.09009       102       640    0.7922    0.7421    0.7772    0.3748   0.03928   0.02374  0.003523
     32/99     9.73G   0.04832    0.0338  0.003721   0.08584        90       640    0.8896    0.7406    0.8162    0.4416   0.03864   0.02314  0.002965
     33/99     9.73G   0.04557   0.03005  0.003305   0.07893        24       640    0.8998    0.7467    0.7945    0.4627   0.03922   0.02305  0.003667
     34/99     9.73G   0.04733   0.03213  0.003523   0.08299        71       640    0.9211    0.7604    0.8351     0.451    0.0354   0.02098  0.003173
     35/99     9.73G   0.04426   0.03243  0.003139   0.07983        52       640     0.867    0.7725    0.8117    0.4633   0.03714    0.0234  0.003507
     36/99     9.73G   0.04393    0.0317  0.003621   0.07926        45       640    0.9098    0.7893    0.8501    0.5071   0.03404   0.02153  0.002737
     37/99     9.73G   0.04403   0.03385  0.003171   0.08106       132       640     0.897    0.8094     0.853    0.5165    0.0363   0.02148  0.002679
     38/99     9.73G   0.04284   0.02992  0.003086   0.07585        60       640    0.8942    0.8003    0.8438    0.4958   0.03419   0.02041  0.003547
     39/99     9.73G   0.04235   0.02876  0.003246   0.07436        74       640    0.8999    0.8021    0.8522    0.4949   0.03319   0.02052  0.002746
     40/99     9.73G   0.04006   0.02764  0.002826   0.07053        49       640    0.9516    0.8247     0.865    0.5458   0.03161    0.0195   0.00258
     41/99     9.73G   0.03824   0.02944  0.002614   0.07029        36       640    0.9423    0.8255     0.872    0.5528   0.03049   0.01951  0.002509
     42/99     9.73G   0.04066   0.02917  0.003057   0.07289        42       640    0.9635    0.8053    0.8668    0.5345   0.03161   0.01983  0.002836
     43/99     9.73G   0.03862   0.02662  0.002518   0.06776        24       640    0.9191    0.8327    0.8683    0.5775   0.02952   0.01894  0.002547
     44/99     9.73G   0.03796   0.02869  0.002747   0.06939        47       640    0.9454    0.8192    0.8754    0.5641   0.02959   0.01912  0.002516
     45/99     9.73G   0.03673   0.02667  0.002558   0.06597        32       640    0.9517    0.8248    0.8827    0.5869   0.02876    0.0182  0.002485
     46/99     9.73G    0.0346   0.02669  0.002515   0.06381        35       640    0.9402     0.836    0.8727    0.5797    0.0293   0.01813  0.002698
     47/99     9.73G   0.03683   0.02866  0.002789   0.06828        53       640    0.9106    0.8582    0.8789    0.5623   0.03122    0.0191  0.002361
     48/99     9.73G   0.03496   0.02758   0.00262   0.06516        93       640    0.9386    0.8491    0.8912     0.573   0.02728   0.01775  0.002017
     49/99     9.73G   0.03368   0.02592   0.00239   0.06198        45       640     0.975    0.8268    0.8808    0.6162    0.0273   0.01787  0.002464
     50/99     9.73G    0.0345   0.02607  0.002337   0.06291        18       640    0.9217    0.8447    0.8799    0.5705   0.02956    0.0184  0.002398
     51/99     9.73G   0.03384   0.02548  0.002435   0.06175        68       640    0.9479    0.8365    0.8831    0.6075   0.02609   0.01791  0.002434
     52/99     9.73G   0.03229   0.02388  0.002327   0.05849        42       640    0.9577    0.8454    0.8784    0.6166    0.0255   0.01791  0.001992
     53/99     9.73G   0.03135   0.02548   0.00214   0.05897        31       640    0.9553     0.847    0.8914    0.6196   0.02615   0.01741  0.002372
     54/99     9.73G    0.0316   0.02294  0.002415   0.05695        25       640    0.9518    0.8453    0.8884    0.6242   0.02573   0.01675  0.001824
     55/99     9.73G   0.03226   0.02425  0.002566   0.05907        66       640    0.9372    0.8606    0.8983    0.6212   0.02538   0.01663  0.001702
     56/99     9.73G   0.03038   0.02351  0.002267   0.05616        43       640    0.9839    0.8304    0.9026    0.6232   0.02687   0.01703  0.002179
     57/99     9.73G   0.03269   0.02541   0.00235   0.06045        43       640    0.9587    0.8435    0.9003    0.6331   0.02442   0.01648  0.001855
     58/99     9.73G   0.03002   0.02361  0.001867   0.05549        36       640    0.9462    0.8647    0.8932    0.6092   0.02589   0.01659  0.001521
     59/99     9.73G   0.03105    0.0224  0.002394   0.05585        17       640    0.9355    0.8785    0.8997    0.6117   0.02601   0.01676  0.001535
     60/99     9.73G   0.02984   0.02188  0.002148   0.05386        36       640    0.9554    0.8595    0.8993    0.6373   0.02536   0.01705  0.001733
     61/99     9.73G   0.03006   0.02439  0.002101   0.05655        31       640     0.977    0.8369    0.9014    0.6284   0.02539   0.01684  0.001991
     62/99     9.73G   0.02898   0.02295   0.00218   0.05412        32       640    0.9605    0.8483    0.9028    0.6485    0.0233   0.01661  0.001958
     63/99     9.73G   0.02751   0.02326  0.002176   0.05294        38       640    0.9641    0.8439    0.9054    0.6525   0.02362   0.01674   0.00181
     64/99     9.73G   0.02809   0.02457  0.002035    0.0547        44       640    0.9665    0.8551    0.9105    0.6506   0.02454   0.01677  0.001825
     65/99     9.73G   0.02805   0.02262  0.001894   0.05256        64       640    0.9557    0.8607    0.9065     0.656   0.02365   0.01658  0.001606
     66/99     9.73G   0.02753   0.02179  0.001914   0.05124        52       640    0.9683    0.8571    0.9077     0.657   0.02261   0.01614  0.002009
     67/99     9.73G    0.0268   0.02209  0.001934   0.05082        37       640    0.9479    0.8537    0.8895    0.6384   0.02398   0.01605  0.001947
     68/99     9.73G   0.02721   0.02255  0.001967   0.05173        21       640    0.9549    0.8581    0.8973    0.6628   0.02251   0.01575  0.001702
     69/99     9.73G   0.02641   0.02285  0.002098   0.05135        57       640    0.9648    0.8495    0.9043    0.6725   0.02206   0.01581   0.00166
     70/99     9.73G   0.02573   0.02389  0.001894   0.05151        15       640    0.9613    0.8544    0.9125    0.6763   0.02171   0.01528  0.001898
     71/99     9.73G   0.02519   0.02178   0.00201   0.04898        70       640     0.961    0.8581    0.9121    0.6732   0.02211   0.01542  0.001973
     72/99     9.73G   0.02479   0.02192  0.001906   0.04861        59       640    0.9755    0.8466    0.9073    0.6777   0.02179   0.01523  0.001976
     73/99     9.73G    0.0243   0.02084  0.001887   0.04702        25       640    0.9679    0.8611    0.9085    0.6707   0.02107   0.01483  0.001455
     74/99     9.73G   0.02519     0.022  0.001916    0.0491        79       640    0.9499    0.8742    0.9056    0.6789   0.02119   0.01542  0.001306
     75/99     9.73G   0.02443   0.02044  0.001646   0.04651        62       640    0.9232    0.9053    0.9191     0.675   0.02166   0.01557  0.001361
     76/99     9.73G   0.02524   0.02218  0.001835   0.04926        55       640    0.9611    0.8578    0.9109    0.6848   0.02159   0.01536  0.001562
     77/99     9.73G   0.02408   0.02176  0.001683   0.04753        60       640    0.9536    0.8733    0.9121    0.6796   0.02173   0.01522  0.001439
     78/99     9.73G   0.02489   0.02069  0.001946   0.04753        36       640    0.9361    0.8804    0.9088    0.6848   0.02099   0.01561  0.001523
     79/99     9.73G   0.02371    0.0202  0.001902   0.04581       101       640    0.9613    0.8649    0.9109    0.6936   0.02053   0.01448   0.00172
     80/99     9.73G   0.02347   0.02222  0.001774   0.04746        54       640    0.9846    0.8598    0.9131    0.6954   0.02098    0.0151  0.001654
     81/99     9.73G   0.02329   0.02143   0.00167   0.04639        87       640    0.9338    0.8903    0.9188     0.691   0.02058   0.01553  0.001477
     82/99     9.73G   0.02323   0.02122  0.001874   0.04632        49       640    0.9572    0.8756     0.912    0.6814   0.02128   0.01513  0.001519
     83/99     9.73G   0.02271   0.02022  0.001567   0.04449        44       640    0.9541    0.8754    0.9065    0.6852   0.02101   0.01474  0.001491
     84/99     9.73G   0.02302   0.02073  0.001782   0.04553        52       640    0.9866    0.8547    0.9166    0.6946   0.02033   0.01426  0.001339
     85/99     9.73G   0.02246   0.02052  0.001657   0.04464        34       640    0.9481    0.8631    0.9071    0.6901   0.02026   0.01446   0.00148
     86/99     9.73G   0.02249    0.0201  0.001734   0.04433        39       640      0.96    0.8681    0.9092     0.704   0.02014   0.01439  0.001374
     87/99     9.73G   0.02271   0.01919  0.001784   0.04369        17       640    0.9529    0.8816    0.9163    0.6969   0.02011   0.01443  0.001376
     88/99     9.73G    0.0222   0.01973  0.001761   0.04369        57       640    0.9431    0.8784    0.9176    0.6975   0.01981   0.01426   0.00145
     89/99     9.73G   0.02212   0.01938  0.001669   0.04317        28       640    0.9684      0.87     0.908    0.6962   0.01994    0.0142  0.001154
     90/99     9.73G   0.02173   0.01857  0.001792   0.04209        45       640    0.9597    0.8779    0.9214    0.7106   0.01913   0.01409   0.00114
     91/99     9.73G   0.02161   0.02049  0.001545   0.04364        45       640    0.9698    0.8678    0.9132    0.7011    0.0198   0.01451   0.00109
     92/99     9.73G   0.02113   0.02051  0.001661    0.0433        45       640    0.9667    0.8782    0.9183    0.7018   0.01904   0.01409   0.00125
     93/99     9.73G   0.02169   0.01989  0.001685   0.04326        24       640    0.9699    0.8743    0.9129    0.7065   0.01897   0.01392  0.001536
     94/99     9.73G   0.02171   0.02011  0.001804   0.04362        90       640    0.9715    0.8692    0.9216    0.7115   0.01928   0.01405   0.00135
     95/99     9.73G   0.02116   0.01814  0.001479   0.04078        67       640    0.9598    0.8745    0.9168    0.7036   0.01982   0.01423  0.001208
     96/99     9.73G   0.02164   0.01935  0.001713   0.04271        39       640    0.9621    0.8778    0.9122     0.703   0.01925   0.01411  0.001208
     97/99     9.73G   0.02103   0.01852  0.001517   0.04107        29       640    0.9687    0.8795    0.9201    0.7063   0.01879   0.01408  0.001121
     98/99     9.73G   0.02073   0.01932  0.001575   0.04162        25       640    0.9724     0.877    0.9196    0.7078   0.01896    0.0142  0.001189
     99/99     9.73G   0.02193     0.019  0.001886   0.04282        35       640     0.959    0.8778    0.9162    0.7164   0.01846   0.01397  0.001175
