      0/99     5.44G    0.1137   0.05307   0.02895    0.1957        32       640 0.0006566    0.1318 0.0007244  8.39e-05   0.09919   0.04759   0.02611
      1/99      5.4G    0.1057   0.05571   0.02632    0.1878        45       640 0.0004545   0.09122 8.894e-05 1.398e-05   0.09775   0.04736   0.02506
      2/99      5.4G    0.1038    0.0588   0.02489    0.1875        45       640 0.0005724    0.1149 0.0001598 2.727e-05    0.0975    0.0471   0.02433
      3/99      5.4G    0.1025   0.05708   0.02405    0.1836        60       640 0.0005219    0.1047 0.0002079 3.368e-05   0.09723   0.04706   0.02375
      4/99      5.4G    0.1023   0.05769   0.02328    0.1833        38       640 0.0005764    0.1047 0.0001632 2.269e-05   0.09765   0.04719   0.02342
      5/99      5.4G    0.1017   0.05591   0.02304    0.1807        94       640  0.001174   0.02825 0.0002525 3.907e-05    0.1054   0.04324   0.02522
      6/99      5.4G    0.1005   0.05757   0.02259    0.1807        54       640   0.00107   0.01014 0.0003183  4.81e-05    0.1034   0.04255   0.02401
      7/99      5.4G    0.1003   0.05718   0.02214    0.1796        71       640   0.01199    0.0765  0.002082 0.0003546   0.09734   0.04449   0.02175
      8/99      5.4G   0.09825   0.05387   0.02146    0.1736        50       640   0.07971    0.1165   0.02617  0.004348   0.09458   0.04364    0.0206
      9/99      5.4G   0.09352   0.05307   0.02029    0.1669        38       640   0.08959    0.1712    0.0367  0.007491   0.09054    0.0432   0.02086
     10/99      5.4G   0.08851    0.0509   0.01844    0.1579        26       640    0.1536    0.2554   0.07104   0.01843   0.08294   0.04267   0.01971
     11/99      5.4G   0.08425   0.04847   0.01685    0.1496        29       640    0.3271    0.2696    0.1893   0.05236   0.07775   0.03843   0.01604
     12/99      5.4G   0.08083   0.05162   0.01472    0.1472        92       640    0.3809    0.4208    0.3229     0.099   0.06594   0.04153   0.01198
     13/99      5.4G   0.07751   0.04843   0.01231    0.1383        22       640    0.3528    0.3309    0.2534   0.07213   0.07033   0.03861  0.009793
     14/99      5.4G   0.08168   0.04503   0.01094    0.1376        57       640    0.3383    0.4123    0.2376   0.06478   0.07395   0.04477   0.01037
     15/99      5.4G   0.07567   0.04453   0.01026    0.1305        35       640    0.4919    0.5229     0.438    0.1296   0.06579   0.03292  0.007676
     16/99      5.4G   0.07364   0.04259  0.008996    0.1252        68       640    0.4094    0.5679    0.3825    0.0936   0.05994   0.03713  0.006716
     17/99      5.4G   0.07035   0.04262  0.007861    0.1208        45       640    0.3926    0.4734    0.2923   0.08548   0.06346   0.04822  0.007422
     18/99      5.4G   0.07043   0.04621  0.007932    0.1246        77       640    0.5198    0.5686    0.5032     0.164   0.05835   0.03377  0.006566
     19/99      5.4G   0.06546   0.03988  0.006954    0.1123        55       640    0.3957    0.3108    0.2459    0.0827    0.0718   0.06407   0.01264
     20/99      5.4G   0.06631   0.04077  0.006716    0.1138        64       640    0.6231    0.5121    0.4958    0.1793   0.05545   0.04028  0.005789
     21/99      5.4G   0.06197    0.0408  0.006088    0.1089        83       640    0.6869    0.5532     0.593    0.2399    0.0547   0.02991  0.006181
     22/99      5.4G   0.06047   0.03744  0.005762    0.1037        45       640     0.267    0.1871    0.1225   0.05561   0.08506   0.06509   0.02464
     23/99      5.4G   0.06485    0.0405  0.006503    0.1119        45       640     0.603    0.5998    0.5864    0.1972   0.05838   0.02965  0.005326
     24/99      5.4G    0.0629   0.03902  0.005684    0.1076        61       640    0.6173    0.5897    0.5322    0.2269   0.05932   0.03026  0.005037
     25/99      5.4G   0.05873   0.03654  0.005039    0.1003        57       640    0.4333    0.3142    0.2604    0.1123   0.07158   0.05101   0.01899
     26/99      5.4G   0.05642   0.03933  0.005197    0.1009        51       640    0.6162    0.6705    0.5867    0.2325   0.05278   0.03095  0.004487
     27/99      5.4G   0.05811    0.0356   0.00485   0.09856        59       640      0.75    0.6505    0.7032    0.3273   0.04803   0.02659  0.004242
     28/99      5.4G   0.05519   0.03904  0.004596   0.09883        64       640    0.8156    0.6385    0.7354    0.3438   0.04304   0.02624  0.003743
     29/99      5.4G   0.05308   0.03675  0.004312   0.09414        28       640      0.79    0.6663    0.7195    0.3511   0.04218   0.02473  0.003964
     30/99      5.4G   0.05233   0.03548  0.004148   0.09197        96       640    0.8388    0.7037     0.777    0.3802   0.04238   0.02362  0.003767
     31/99      5.4G   0.04975   0.03464  0.003909   0.08831        60       640    0.8705    0.7684    0.8291    0.4571   0.03838   0.02199  0.003685
     32/99      5.4G   0.04671   0.02891  0.003736   0.07936        25       640    0.8966    0.7592    0.8188    0.4679    0.0378   0.02164  0.003307
     33/99      5.4G   0.04715   0.03131  0.003659   0.08212        61       640     0.926    0.7424     0.824     0.453   0.03623   0.02073  0.003364
     34/99      5.4G   0.04694    0.0341  0.003303   0.08433        45       640    0.8957     0.777     0.816    0.4363    0.0368   0.02287  0.003118
     35/99      5.4G   0.04315   0.02948  0.003188   0.07582        42       640    0.8595    0.8161    0.8372    0.4962   0.03274   0.02207  0.003211
     36/99      5.4G   0.04478   0.03039  0.003104   0.07827       104       640    0.9068    0.7833    0.8373    0.4647   0.03532    0.0214  0.002968
     37/99      5.4G   0.04256   0.03053  0.003305    0.0764        82       640    0.9553    0.8034    0.8547    0.4839   0.03512   0.02073  0.003103
     38/99      5.4G   0.04217   0.02884  0.003284   0.07429        42       640    0.9139    0.8074    0.8481    0.5171    0.0353   0.02154  0.002755
     39/99      5.4G   0.04055   0.03057  0.003271   0.07439        31       640     0.936    0.8223    0.8735    0.5403   0.03354   0.02013  0.002905
     40/99      5.4G   0.03964   0.02727  0.002841   0.06975        52       640    0.9297    0.8282    0.8807    0.5299   0.03281   0.02015   0.00258
     41/99      5.4G   0.03874   0.02838  0.002911   0.07003        72       640    0.9273     0.812    0.8607    0.5596   0.02974   0.01966  0.003043
     42/99      5.4G   0.03817    0.0253  0.003142   0.06661        51       640    0.9469    0.8069    0.8775     0.556    0.0318   0.01972  0.002988
     43/99      5.4G   0.04016   0.02804  0.002838   0.07104        39       640    0.9313    0.8436    0.8728    0.5232   0.03283   0.02002  0.002407
     44/99      5.4G   0.03812   0.02838  0.002658   0.06916       103       640     0.966    0.7929    0.8792    0.5795    0.0307    0.0194   0.00267
     45/99      5.4G    0.0349   0.02673  0.002553   0.06418        51       640    0.9327    0.7658    0.8381    0.5537   0.03219   0.02318  0.003775
     46/99      5.4G   0.03568   0.02813  0.002469   0.06628        72       640    0.9446     0.843     0.885    0.5958    0.0276   0.01876  0.002595
     47/99      5.4G   0.03611   0.02509  0.002819   0.06402        49       640    0.9439    0.8006    0.8684    0.5627   0.02941   0.01987   0.00256
     48/99      5.4G   0.03643   0.02764  0.002599   0.06667        51       640    0.9301    0.8506    0.8768    0.5874    0.0295   0.01868  0.002614
     49/99      5.4G    0.0342   0.02728  0.002535   0.06402        55       640    0.9239     0.846    0.8855    0.6006   0.02833   0.01879  0.002452
     50/99      5.4G   0.03488   0.02687   0.00258   0.06433        47       640    0.9618    0.8258    0.8842    0.5862   0.02815   0.01802  0.002599
     51/99      5.4G   0.03384   0.02698  0.002591   0.06341        52       640    0.9686     0.842    0.8945    0.6166    0.0261   0.01707  0.002447
     52/99      5.4G   0.03341    0.0242   0.00238   0.05998        26       640    0.9427    0.8509    0.8842    0.5953    0.0288   0.01806  0.002146
     53/99      5.4G   0.03263   0.02654  0.002385   0.06156        64       640    0.9593    0.7906    0.8608    0.5775   0.02815   0.01887   0.00257
     54/99      5.4G   0.03173   0.02478  0.002379   0.05889        58       640    0.9498    0.8459    0.8885    0.5863    0.0278   0.01773  0.002769
     55/99      5.4G   0.03322   0.02503  0.002376   0.06062        42       640    0.9292    0.8537    0.8924    0.5794   0.02939   0.01867  0.002536
     56/99      5.4G    0.0319   0.02465  0.002213   0.05876        64       640    0.9305     0.876    0.9016    0.6076   0.02652   0.01856  0.002324
     57/99      5.4G   0.03067   0.02431  0.002339   0.05732        43       640    0.9322    0.8711    0.9027    0.6185   0.02513   0.01793  0.002192
     58/99      5.4G   0.03047   0.02473  0.002243   0.05745        21       640    0.9675    0.8448    0.8993    0.6187   0.02559   0.01763  0.001991
     59/99      5.4G   0.03075    0.0232  0.002368   0.05632        24       640    0.9389    0.8748    0.9059    0.6435   0.02392    0.0173  0.002194
     60/99      5.4G   0.02966   0.02367  0.002424   0.05575        72       640    0.9407     0.854    0.8888    0.6228   0.02464   0.01696    0.0021
     61/99      5.4G    0.0294   0.02293  0.002192   0.05452        29       640    0.9578    0.8617    0.9027      0.64   0.02462   0.01677  0.001975
     62/99      5.4G    0.0303   0.02517  0.002533     0.058        53       640    0.9594     0.863     0.898    0.6442   0.02423   0.01661  0.002095
     63/99      5.4G   0.02954   0.02301  0.002212   0.05477        45       640    0.9616    0.8701    0.9041    0.6529   0.02299   0.01628  0.001941
     64/99      5.4G   0.02845   0.02333  0.002066   0.05385        56       640    0.9683    0.8527    0.8986     0.639   0.02415   0.01628  0.002476
     65/99      5.4G   0.02945   0.02389  0.002368   0.05571        44       640    0.9578    0.8699    0.9147    0.6642   0.02336   0.01639  0.002118
     66/99      5.4G   0.02756   0.02337  0.002088   0.05302        53       640    0.9552    0.8712    0.9089    0.6609    0.0229   0.01632  0.002043
     67/99      5.4G   0.02706   0.02258  0.001941   0.05158        40       640    0.9431    0.8925    0.9131    0.6637   0.02228   0.01624  0.001693
     68/99      5.4G   0.02675   0.02237  0.002136   0.05126        46       640    0.9634    0.8801    0.9151     0.659    0.0229   0.01631  0.002034
     69/99      5.4G   0.02733    0.0209  0.002019   0.05025        12       640    0.9399    0.8767    0.9052    0.6553    0.0226   0.01602   0.00223
     70/99      5.4G   0.02588   0.02273  0.002065   0.05067        92       640    0.9525    0.8847     0.917    0.6779   0.02157   0.01575   0.00185
     71/99      5.4G   0.02684   0.02254  0.001824    0.0512        38       640    0.9703    0.8688    0.9019    0.6482   0.02289   0.01569  0.001941
     72/99      5.4G   0.02648   0.02261  0.001953   0.05104        42       640    0.9771    0.8778    0.9125    0.6809   0.02197   0.01549   0.00191
     73/99      5.4G   0.02586   0.02186  0.001885   0.04961        67       640    0.9734    0.8828    0.9127     0.676   0.02164   0.01557  0.001527
     74/99      5.4G   0.02541   0.02194  0.002044    0.0494        31       640    0.9522    0.8685    0.9119    0.6713   0.02238   0.01601  0.001736
     75/99      5.4G   0.02544   0.02079  0.002131   0.04836        53       640    0.9373    0.8878    0.9126    0.6682   0.02193   0.01585   0.00182
     76/99      5.4G   0.02561   0.02134  0.001965   0.04892        37       640    0.9495    0.8794    0.9073    0.6718    0.0221   0.01575  0.001788
     77/99      5.4G   0.02509   0.02102  0.001968   0.04808        35       640    0.9472    0.8926    0.9184    0.6716   0.02179    0.0163  0.001601
     78/99      5.4G   0.02458   0.01981  0.001777   0.04617        28       640    0.9479    0.8757    0.9059    0.6807   0.02077   0.01523   0.00167
     79/99      5.4G    0.0239    0.0214  0.001619   0.04692        95       640    0.9681    0.8675    0.9217     0.693   0.02089   0.01529  0.001601
     80/99      5.4G    0.0253   0.02236  0.002003   0.04966        80       640    0.9831    0.8614     0.915    0.6892   0.02134   0.01559  0.001699
     81/99      5.4G   0.02391   0.02062  0.001776   0.04631        23       640    0.9271    0.9102    0.9214    0.6764   0.02187   0.01531  0.001548
     82/99      5.4G   0.02398   0.02211  0.001728   0.04782        43       640    0.9711    0.8678    0.9241    0.6821   0.02075   0.01531  0.001364
     83/99      5.4G   0.02385   0.02041  0.001929   0.04619        10       640    0.9918    0.8575    0.9245    0.6931   0.02099   0.01552  0.001492
     84/99      5.4G   0.02406   0.01983  0.001823   0.04571        30       640    0.9533    0.8806    0.9158    0.6947   0.02044   0.01517  0.001601
     85/99      5.4G   0.02422   0.02103   0.00173   0.04697        70       640    0.9615     0.868    0.9178    0.6838   0.02007   0.01501  0.001558
     86/99      5.4G   0.02352   0.02004  0.001741   0.04531        81       640    0.9795    0.8573    0.9106    0.6918   0.02032   0.01486  0.001526
     87/99      5.4G   0.02256   0.01983  0.001659   0.04405        85       640    0.9481    0.8879    0.9115    0.6906   0.02024   0.01488  0.001884
     88/99      5.4G   0.02343   0.02188  0.002011   0.04732        84       640    0.9547    0.8841    0.9245    0.6926    0.0198   0.01488  0.001502
     89/99      5.4G   0.02272   0.02073  0.001668   0.04512        54       640    0.9827    0.8681    0.9165    0.6885   0.02044   0.01484  0.001662
     90/99      5.4G   0.02289   0.02104  0.001798   0.04572        37       640    0.9711     0.867    0.9253    0.6937    0.0204   0.01508  0.001373
     91/99      5.4G   0.02234   0.02233  0.001615   0.04629       173       640    0.9734    0.8818    0.9184    0.7053   0.01994   0.01444  0.001771
     92/99      5.4G   0.02216   0.01987  0.001861    0.0439        57       640    0.9881    0.8681    0.9243    0.7084   0.01973   0.01414  0.001618
     93/99      5.4G   0.02211   0.02013  0.001872   0.04411        62       640    0.9747    0.8736    0.9249    0.7099   0.01937   0.01434  0.001667
     94/99      5.4G   0.02178   0.02024  0.001801   0.04382        55       640     0.955    0.8926    0.9249     0.706   0.01961   0.01482  0.001439
     95/99      5.4G   0.02242   0.02116  0.001644   0.04521        79       640    0.9703    0.8828    0.9255    0.7131   0.01927   0.01448  0.001332
     96/99      5.4G   0.02199   0.01957  0.001725   0.04328        25       640    0.9675    0.8923    0.9304    0.7022   0.02002    0.0145  0.001269
     97/99      5.4G   0.02166   0.01964  0.001626   0.04293        69       640    0.9588    0.8863    0.9303    0.7039   0.01942   0.01452   0.00134
     98/99      5.4G   0.02262   0.01953  0.001904   0.04405        25       640    0.9454    0.8955    0.9198    0.7048   0.01899   0.01426  0.001357
     99/99      5.4G   0.02177   0.02065  0.001702   0.04412        32       640    0.9699    0.8766    0.9281    0.7044   0.01891   0.01418  0.001292
