      0/99     2.47G    0.1109   0.03106         0     0.142        18       640  0.001178    0.2365 0.0002981 4.421e-05   0.09674   0.02239         0
      1/99      2.4G    0.1016   0.02905         0    0.1307        15       640  0.001178    0.2365 0.0003121 4.158e-05     0.093   0.02054         0
      2/99      2.4G   0.09513   0.02939         0    0.1245        22       640  0.001321   0.08784   0.00035 6.505e-05   0.09333   0.01894         0
      3/99      2.4G   0.09423   0.02863         0    0.1229        10       640  0.002819   0.02027 0.0004379 6.315e-05   0.09513   0.01796         0
      4/99      2.4G   0.09101   0.03018         0    0.1212        20       640  0.001706    0.1149 0.0003501 5.784e-05    0.0967   0.01858         0
      5/99      2.4G   0.09246   0.02933         0    0.1218         8       640  0.001402   0.08108 0.0002955 5.703e-05   0.09759   0.01873         0
      6/99      2.4G   0.09093   0.03143         0    0.1224        22       640    0.0897  0.006757  0.000975 0.0001227   0.09614   0.01716         0
      7/99      2.4G   0.09127   0.02946         0    0.1207        11       640  0.003618    0.1284 0.0009288 0.0001491   0.09508    0.0168         0
      8/99      2.4G   0.09028    0.0307         0     0.121        21       640   0.01029  0.006757  0.000915 0.0001449   0.09018   0.01855         0
      9/99      2.4G   0.09138   0.02798         0    0.1194        10       640  0.005031    0.1081  0.001786 0.0002845   0.08567   0.02243         0
     10/99      2.4G   0.08859   0.02817         0    0.1168        24       640   0.04048   0.07432  0.006576  0.001142   0.08386   0.01852         0
     11/99      2.4G   0.08605   0.02836         0    0.1144         8       640    0.1812    0.1351   0.05128  0.008577   0.08067   0.01825         0
     12/99      2.4G   0.08321   0.02837         0    0.1116         8       640    0.1713    0.1892   0.07736   0.01592   0.07545   0.02342         0
     13/99      2.4G   0.08023   0.02701         0    0.1072        24       640    0.1315   0.08108    0.0314  0.004756   0.08484     0.023         0
     14/99      2.4G    0.0796   0.02744         0     0.107        14       640    0.1676    0.1689   0.08851   0.02061   0.07409   0.03055         0
     15/99      2.4G   0.07641   0.02668         0    0.1031        10       640    0.2325      0.25   0.09816   0.02929   0.06881   0.02231         0
     16/99      2.4G   0.07667   0.02679         0    0.1035        16       640    0.2354    0.3581    0.1807   0.05127   0.06478   0.01866         0
     17/99      2.4G   0.07152   0.02507         0   0.09659         8       640   0.05117    0.2162   0.03082  0.004479   0.08129   0.02914         0
     18/99      2.4G   0.07021   0.02631         0   0.09652        12       640    0.2405    0.3649    0.1395    0.0388   0.06583   0.02148         0
     19/99      2.4G   0.06754   0.02664         0   0.09419        19       640    0.3077     0.277    0.1673   0.03503   0.07028   0.04732         0
     20/99      2.4G   0.06395    0.0256         0   0.08955         7       640    0.7553    0.4797    0.5249    0.1815   0.05652   0.02159         0
     21/99      2.4G   0.06421   0.02497         0   0.08918         8       640    0.6729    0.4054    0.4499    0.1891   0.05716   0.02779         0
     22/99      2.4G   0.06213   0.02425         0   0.08639        14       640    0.2423    0.2162    0.1128   0.02356   0.07472    0.0515         0
     23/99      2.4G   0.06005    0.0255         0   0.08555        21       640   0.01763    0.3986   0.01153  0.003447   0.06411    0.0944         0
     24/99      2.4G   0.05877   0.02535         0   0.08412        17       640    0.4731    0.4247    0.2876   0.09176   0.06341    0.0233         0
     25/99      2.4G   0.05772   0.02346         0   0.08117         7       640    0.5357       0.5    0.4423    0.1896   0.05354   0.02149         0
     26/99      2.4G   0.05838   0.02747         0   0.08585         4       640    0.5541    0.4122    0.3969    0.1033    0.0618   0.02702         0
     27/99      2.4G   0.05418   0.02456         0   0.07874        29       640    0.5746    0.3041    0.3484    0.1502   0.05966   0.02243         0
     28/99      2.4G   0.04997   0.02229         0   0.07226        10       640    0.9048    0.5135    0.6616    0.2749   0.04753   0.01715         0
     29/99      2.4G   0.05224   0.02118         0   0.07343         5       640    0.7966     0.635    0.6798    0.2419   0.04841   0.01669         0
     30/99      2.4G   0.04865   0.01995         0   0.06861         7       640    0.8443    0.5878    0.6956    0.3553   0.04208    0.0167         0
     31/99      2.4G   0.04535   0.02007         0   0.06542         6       640    0.6446    0.5393    0.5399    0.2133   0.06002   0.01915         0
     32/99      2.4G   0.04671   0.02056         0   0.06727        19       640    0.8288     0.723    0.7568    0.4125   0.04249    0.0132         0
     33/99      2.4G   0.04354   0.02002         0   0.06356         9       640    0.7957    0.6689    0.7495    0.4429   0.03714   0.01293         0
     34/99      2.4G   0.04029   0.01818         0   0.05847        14       640    0.8087    0.6283     0.741     0.414   0.03823   0.01403         0
     35/99      2.4G   0.04083   0.02064         0   0.06147        41       640    0.8867    0.6351    0.7542    0.4387   0.03686    0.0121         0
     36/99      2.4G   0.04129   0.01845         0   0.05974        17       640    0.7515    0.7766    0.8025    0.4577   0.03532    0.0118         0
     37/99      2.4G   0.04113   0.01958         0   0.06071        18       640    0.8226    0.7834    0.8206    0.5158   0.03296   0.01116         0
     38/99      2.4G   0.03806   0.01834         0   0.05641        25       640    0.3088    0.3851     0.237   0.09514   0.05796   0.01841         0
     39/99      2.4G   0.03962   0.01827         0   0.05789        18       640    0.7446    0.5946    0.6223    0.3263   0.04813   0.01431         0
     40/99      2.4G     0.037   0.01743         0   0.05443        15       640    0.4735    0.4932    0.3323    0.1589   0.05411   0.01851         0
     41/99      2.4G   0.03727   0.01973         0     0.057        21       640    0.5907    0.4392    0.4281     0.222   0.04872   0.02051         0
     42/99      2.4G   0.03696   0.01693         0   0.05389        10       640     0.877    0.7226    0.7802     0.468   0.03517   0.01146         0
     43/99      2.4G   0.03607   0.01787         0   0.05394        22       640    0.6752    0.6622    0.6447    0.3749   0.04054   0.01331         0
     44/99      2.4G   0.03489   0.01678         0   0.05167        15       640    0.8701    0.7703    0.8545     0.573   0.02946   0.01015         0
     45/99      2.4G   0.03532   0.01778         0    0.0531        13       640     0.672    0.6824    0.6803    0.4342   0.03461   0.01413         0
     46/99      2.4G   0.03305   0.01671         0   0.04976        11       640    0.8137    0.6824     0.741    0.4844   0.03465   0.01275         0
     47/99      2.4G    0.0328   0.01566         0   0.04846         8       640    0.8297    0.7901    0.8442    0.5671   0.02988  0.009819         0
     48/99      2.4G   0.03292   0.01653         0   0.04945         7       640    0.8492    0.7227    0.8163    0.5606   0.03006   0.01029         0
     49/99      2.4G   0.03133   0.01626         0   0.04759        22       640    0.7688    0.7905    0.8117     0.561   0.02823   0.01022         0
     50/99      2.4G   0.03376   0.01737         0   0.05112        27       640    0.8688    0.7162    0.8324    0.5559   0.02882   0.01027         0
     51/99      2.4G   0.03141   0.01551         0   0.04692        14       640    0.8938    0.7965    0.8804    0.5674   0.03041   0.01033         0
     52/99      2.4G   0.03091   0.01585         0   0.04676        15       640    0.7946    0.8102    0.8378    0.5814   0.03065     0.011         0
     53/99      2.4G    0.0314   0.01572         0   0.04712         8       640    0.8086    0.8311    0.8687    0.6044   0.02644  0.009284         0
     54/99      2.4G   0.02937   0.01583         0    0.0452         6       640    0.8322    0.8378    0.8562    0.6059   0.02626  0.009243         0
     55/99      2.4G   0.03012   0.01442         0   0.04455        22       640    0.9159    0.7363    0.8719    0.6142   0.02581  0.008844         0
     56/99      2.4G   0.02947   0.01549         0   0.04496        14       640    0.9326    0.7568    0.8781    0.6204   0.02463  0.009462         0
     57/99      2.4G   0.02771   0.01411         0   0.04181        14       640    0.7287    0.5808     0.635    0.4319   0.03664   0.01399         0
     58/99      2.4G    0.0287   0.01473         0   0.04343        10       640     0.928    0.7835    0.8785    0.6391   0.02573   0.00885         0
     59/99      2.4G   0.02727    0.0148         0   0.04207        12       640    0.8496    0.7634    0.8641    0.6363   0.02539  0.009438         0
     60/99      2.4G   0.02758   0.01468         0   0.04225        17       640    0.8714    0.8241    0.8911    0.6601   0.02294  0.008901         0
     61/99      2.4G    0.0279   0.01523         0   0.04313        20       640    0.8558    0.8041    0.8669    0.6016   0.02584  0.009132         0
     62/99      2.4G   0.02752   0.01421         0   0.04174        20       640    0.8993    0.7905    0.8779    0.6716    0.0239  0.008745         0
     63/99      2.4G    0.0264   0.01392         0   0.04032        11       640    0.9077    0.7973    0.8917    0.6542   0.02535  0.008672         0
     64/99      2.4G   0.02659   0.01346         0   0.04005        13       640    0.8704     0.817    0.8793    0.6707   0.02834  0.009498         0
     65/99      2.4G   0.02532   0.01296         0   0.03828        14       640     0.874    0.7971     0.893    0.6781   0.02264  0.008856         0
     66/99      2.4G   0.02531   0.01442         0   0.03973        12       640    0.8355    0.8579    0.8847    0.6714   0.02188  0.008321         0
     67/99      2.4G   0.02565   0.01377         0   0.03941        12       640    0.8852    0.7838    0.8815    0.6854   0.02361  0.009358         0
     68/99      2.4G   0.02475   0.01375         0    0.0385        12       640    0.7865    0.8714    0.8658    0.6694   0.02203  0.008842         0
     69/99      2.4G   0.02499   0.01342         0   0.03842        27       640    0.8235    0.8513    0.8796    0.6744   0.02401  0.009223         0
     70/99      2.4G   0.02479   0.01364         0   0.03843        15       640      0.88    0.8446    0.8943     0.683     0.023  0.007979         0
     71/99      2.4G   0.02484   0.01402         0   0.03886        18       640    0.8815    0.8038    0.8794     0.671   0.02335  0.008565         0
     72/99      2.4G   0.02374   0.01247         0   0.03621        11       640    0.8434    0.8372    0.8863    0.6901   0.02188  0.008768         0
     73/99      2.4G   0.02455   0.01279         0   0.03733        19       640    0.8158    0.8986    0.9013      0.69   0.02158  0.008093         0
     74/99      2.4G   0.02275   0.01282         0   0.03557        22       640     0.841    0.8579    0.8812    0.6882   0.02255  0.008297         0
     75/99      2.4G   0.02323   0.01244         0   0.03568        23       640     0.916    0.8105    0.8816    0.6806   0.02199  0.008712         0
     76/99      2.4G    0.0237   0.01313         0   0.03683        13       640    0.8759    0.8108    0.8795    0.6836   0.02382  0.008913         0
     77/99      2.4G   0.02315   0.01317         0   0.03632        12       640    0.8681    0.8514     0.887    0.6955   0.02245  0.008484         0
     78/99      2.4G   0.02253   0.01269         0   0.03522         4       640    0.9037     0.824    0.8996    0.7063   0.02041  0.008272         0
     79/99      2.4G   0.02267   0.01301         0   0.03568        10       640    0.9124    0.8445    0.9035    0.7103   0.02037  0.008092         0
     80/99      2.4G    0.0219   0.01171         0   0.03361        20       640     0.879    0.8851    0.9039     0.717   0.02129  0.007762         0
     81/99      2.4G   0.02155    0.0118         0   0.03334        22       640    0.8784    0.8784     0.911    0.7115    0.0207  0.007844         0
     82/99      2.4G   0.02152   0.01161         0   0.03313        15       640    0.8872    0.8514    0.8949    0.7138   0.01959  0.008179         0
     83/99      2.4G   0.02138   0.01237         0   0.03375        13       640    0.8912    0.8311    0.8844    0.6885   0.02148  0.008328         0
     84/99      2.4G   0.02122   0.01115         0   0.03236        16       640    0.8944     0.858    0.9062     0.726   0.02027  0.007718         0
     85/99      2.4G   0.02103   0.01155         0   0.03258        25       640    0.9239    0.8243    0.9064    0.7134    0.0203  0.007775         0
     86/99      2.4G   0.02081   0.01192         0   0.03273        10       640     0.871    0.8716    0.9025    0.7196   0.01906  0.007921         0
     87/99      2.4G   0.02135   0.01231         0   0.03366        10       640    0.8493    0.8784    0.8934    0.7116   0.01987   0.00793         0
     88/99      2.4G   0.02041   0.01182         0   0.03223        24       640    0.9104    0.8243     0.895    0.7096   0.02079  0.007736         0
     89/99      2.4G   0.02095   0.01282         0   0.03377         7       640    0.8903    0.8784     0.903    0.7107   0.02117  0.007775         0
     90/99      2.4G   0.02083     0.012         0   0.03283        10       640    0.9014    0.8649    0.9084    0.7252   0.02016   0.00751         0
     91/99      2.4G   0.02073   0.01153         0   0.03226         7       640    0.8827    0.8649    0.8961    0.7083   0.02081  0.008279         0
     92/99      2.4G   0.02118   0.01229         0   0.03347        14       640     0.913    0.8514    0.9045    0.7231   0.01956  0.007253         0
     93/99      2.4G   0.01964    0.0116         0   0.03124        12       640    0.8543    0.8716    0.8951    0.7297   0.01906  0.007949         0
     94/99      2.4G   0.02018   0.01223         0    0.0324         6       640    0.9098    0.8243    0.9022    0.7324   0.01947  0.007264         0
     95/99      2.4G   0.01941   0.01202         0   0.03142        21       640    0.8783    0.8784    0.9028    0.7401   0.01875   0.00754         0
     96/99      2.4G   0.02048   0.01293         0   0.03341        27       640    0.9191    0.8444    0.9184    0.7519   0.01894   0.00713         0
     97/99      2.4G    0.0193   0.01153         0   0.03083        23       640    0.8958    0.8716    0.9008    0.7346   0.01905  0.007083         0
     98/99      2.4G   0.01911   0.01092         0   0.03003         7       640    0.9117    0.8376    0.9071    0.7322   0.01894  0.007015         0
     99/99      2.4G   0.02024   0.01064         0   0.03087         9       640    0.8585    0.9054    0.9095    0.7406   0.01873  0.007086         0
