      0/99      2.5G    0.1192   0.04168   0.02774    0.1886       119       640 0.0005219    0.1047 0.0001754 2.414e-05    0.1019   0.04326   0.02576
      1/99     2.51G     0.112   0.04309    0.0253    0.1804       155       640 0.0005051    0.1014 0.0001429 2.417e-05    0.1002   0.04302   0.02472
      2/99     2.51G    0.1095   0.04683   0.02403    0.1803       102       640  0.009568   0.01258 0.0007115 0.0001329    0.1003   0.04244   0.02383
      3/99     2.51G    0.1074   0.04773   0.02305    0.1782       151       640   0.01372   0.01596 0.0009204 0.0001209    0.1055   0.03844   0.02325
      4/99     2.51G    0.1057   0.04649   0.02274    0.1749       109       640  0.002884   0.01258 0.0002383 3.795e-05    0.1003   0.04216   0.02272
      5/99     2.51G    0.1053   0.04774   0.02202    0.1751       101       640  0.003296   0.01811 0.0007026 0.0001003    0.1018   0.04202   0.02262
      6/99     2.51G    0.1044   0.04335   0.02182    0.1696        95       640  0.006226   0.05794 0.0009242 0.0001634   0.09921   0.04171   0.02193
      7/99     2.51G    0.1037   0.04585   0.02143    0.1709        84       640   0.01289   0.08822  0.003064  0.000526   0.09848   0.04062    0.0206
      8/99     2.51G    0.1021   0.04574   0.02072    0.1686        94       640   0.06235   0.07368   0.01712  0.003592   0.09721   0.04128   0.02059
      9/99     2.51G   0.09817   0.04125   0.01992    0.1593        98       640   0.09587    0.1094    0.0173   0.00439    0.1001     0.271   0.02728
     10/99     2.51G   0.09259    0.0421   0.01821    0.1529        90       640    0.1044    0.1669   0.05221   0.01249   0.08863   0.03612   0.01711
     11/99     2.51G   0.09092   0.04261   0.01696    0.1505       271       640    0.2195    0.2799    0.1503   0.04017   0.07828    0.0353   0.01403
     12/99     2.51G   0.08813   0.04453   0.01544    0.1481        92       640    0.2319    0.1919     0.117   0.03405   0.08043   0.05344   0.01554
     13/99     2.51G   0.08615    0.0389   0.01331    0.1383        89       640    0.1435    0.1892   0.05601   0.01409    0.0798   0.04511   0.01588
     14/99     2.51G   0.08054   0.04078   0.01261    0.1339       109       640    0.3124    0.1965    0.1354   0.04617   0.07775   0.06271   0.01327
     15/99     2.51G   0.07835   0.03934     0.011    0.1287       144       640    0.4541    0.4516    0.3745    0.1091   0.06364   0.03343  0.008304
     16/99     2.51G   0.07668   0.03695  0.009921    0.1236        93       640    0.4025    0.4673    0.3078   0.07431   0.06821   0.03339  0.007941
     17/99     2.51G   0.07151   0.03742  0.007988    0.1169       105       640    0.4273    0.5177    0.3896    0.1347   0.06103    0.0308  0.006344
     18/99     2.51G   0.07326   0.03551  0.008323    0.1171       107       640    0.3164    0.4361     0.244   0.06505   0.06588   0.03324  0.006509
     19/99     2.51G   0.07162   0.03591  0.007747    0.1153       110       640    0.4295    0.3584    0.2712   0.08222   0.07705   0.06368   0.01132
     20/99     2.51G   0.06983   0.03612  0.007106    0.1131        98       640    0.4459    0.5844    0.3737    0.1229   0.05987    0.0295  0.005387
     21/99     2.51G   0.06644   0.03358  0.006921    0.1069       127       640    0.5768    0.5996    0.5429    0.2121   0.05445   0.02995  0.007228
     22/99     2.51G   0.06538   0.03366  0.006257    0.1053        70       640    0.6195    0.5589     0.537    0.2207   0.05854   0.02956  0.006208
     23/99     2.51G   0.06055   0.03427  0.005948    0.1008       139       640    0.6961    0.6538    0.6657    0.2293   0.05214   0.02689  0.004576
     24/99     2.51G   0.05903   0.03135  0.005479   0.09585        86       640    0.7437    0.6324     0.682    0.2685   0.04799   0.02532  0.003741
     25/99     2.51G   0.05839   0.03179  0.005341   0.09552       119       640    0.8132    0.6877    0.7515    0.2984   0.04894   0.02491  0.004239
     26/99     2.51G   0.05639    0.0299  0.004904    0.0912       106       640    0.8473    0.6902    0.7703    0.4027   0.04411   0.02392  0.004752
     27/99     2.51G   0.05331   0.03012  0.004676    0.0881       104       640    0.5481    0.3549    0.3115    0.1513   0.06037   0.04983   0.01048
     28/99     2.51G   0.05372   0.03134  0.004699   0.08976       198       640    0.8743     0.712    0.7876    0.3896    0.0457   0.02293  0.003719
     29/99     2.51G   0.05088   0.02938  0.004404   0.08466        82       640     0.893    0.7425    0.8046    0.4248   0.04084   0.02227  0.003262
     30/99     2.51G   0.05061    0.0282  0.004357   0.08317        79       640    0.7751     0.708    0.7365    0.3689   0.04466   0.02414  0.003642
     31/99     2.51G   0.04929   0.02913  0.004442   0.08286       126       640    0.8255    0.5813    0.6588    0.3488   0.04426   0.03322  0.004317
     32/99     2.51G   0.05043   0.02887  0.004193    0.0835        64       640    0.9006    0.7469    0.8175    0.4002   0.03913   0.02207  0.003347
     33/99     2.51G   0.04581    0.0267   0.00367   0.07618       170       640    0.8775    0.7909    0.8236    0.4373   0.03777   0.02049  0.002919
     34/99     2.51G   0.04723   0.02736  0.003759   0.07835       131       640    0.8921    0.7546    0.8271    0.4754   0.03618   0.02242  0.003136
     35/99     2.51G   0.04573    0.0271  0.003956   0.07679        96       640    0.8121      0.65    0.6852     0.374    0.0409   0.02775  0.004551
     36/99     2.51G   0.04585   0.02677  0.003797   0.07642        83       640    0.9201    0.7972    0.8658    0.5086   0.03532   0.02011  0.002802
     37/99     2.51G   0.04432   0.02668  0.003749   0.07475        82       640    0.9314    0.7905    0.8493    0.4553   0.03698   0.02048  0.003761
     38/99     2.51G   0.04463   0.02658  0.003848   0.07506        97       640    0.9276    0.7845    0.8519    0.5146   0.03345   0.01987  0.003286
     39/99     2.51G   0.04332   0.02553  0.003637   0.07249        66       640    0.8738    0.7508    0.8254    0.4886   0.03722   0.02196  0.002425
     40/99     2.51G   0.04267   0.02501  0.003378   0.07105       127       640    0.8033    0.6994    0.7438    0.4282   0.03874    0.0265  0.003572
     41/99     2.51G   0.04103   0.02383  0.003236   0.06809        98       640     0.911    0.7595    0.8281    0.5123   0.03366   0.02123  0.002556
     42/99     2.51G   0.04253   0.02668  0.003341   0.07256       147       640    0.9045    0.8362     0.866    0.5338    0.0325   0.01915  0.002718
     43/99     2.51G   0.04103   0.02449  0.003385    0.0689        76       640    0.9229    0.8052     0.876    0.5333   0.03639   0.02033  0.002709
     44/99     2.51G   0.03953   0.02357  0.003174   0.06628       156       640    0.9383    0.8266    0.8832    0.5896   0.03033   0.01787  0.002545
     45/99     2.51G   0.03959    0.0239  0.003196   0.06668        94       640     0.925    0.8436    0.8789    0.5677   0.03028   0.01798  0.002355
     46/99     2.51G    0.0391   0.02326  0.003155   0.06551       100       640    0.9094    0.8267    0.8647    0.5496   0.03155   0.01845  0.002283
     47/99     2.51G   0.03981   0.02362  0.003277   0.06671        88       640    0.9193    0.8167    0.8715    0.5395   0.03164   0.01819  0.002512
     48/99     2.51G   0.03786   0.02323  0.003041   0.06413       170       640     0.955    0.8265     0.881    0.5839   0.02996   0.01796  0.002212
     49/99     2.51G   0.03729   0.02429  0.002964   0.06454        67       640     0.947    0.8083    0.8752    0.5924   0.02972    0.0178  0.002276
     50/99     2.51G   0.03806   0.02234  0.002945   0.06335        87       640    0.9472     0.821    0.8867    0.5829   0.02876   0.01762  0.002367
     51/99     2.51G    0.0366   0.02462  0.002993   0.06421        93       640    0.9613    0.8431    0.8906     0.608   0.02827   0.01759  0.002103
     52/99     2.51G   0.03748   0.02364  0.002675   0.06379        92       640    0.9533    0.8361     0.894    0.5749    0.0305   0.01754  0.002113
     53/99     2.51G   0.03596   0.02272   0.00297   0.06165        61       640    0.9647    0.7811    0.8571    0.5583   0.03171   0.01952  0.002779
     54/99     2.51G   0.03711   0.02226  0.002905   0.06228        77       640    0.9375    0.8164    0.8728    0.5877   0.02788   0.01765  0.002191
     55/99     2.51G   0.03539   0.02241   0.00297   0.06077        96       640    0.9347    0.8306    0.8837    0.5942    0.0283   0.01821  0.002291
     56/99     2.51G    0.0351   0.02236  0.002675   0.06013       111       640     0.947    0.8337    0.8904    0.6028   0.02801   0.01712  0.002171
     57/99     2.51G    0.0357   0.02296  0.002953   0.06161        86       640    0.9395    0.8218    0.8835    0.5997   0.02849    0.0175  0.002159
     58/99     2.51G   0.03371   0.02067  0.002657   0.05703        98       640    0.9526    0.8309    0.8956    0.6218   0.02669   0.01722  0.002017
     59/99     2.51G   0.03291   0.02043  0.002723   0.05606       110       640    0.9605    0.8265    0.8914    0.6257   0.02705   0.01696  0.002127
     60/99     2.51G   0.03468   0.02141  0.002902     0.059       129       640    0.9356    0.8433    0.8851     0.621   0.02689   0.01779  0.002108
     61/99     2.51G   0.03315   0.02094  0.002507    0.0566       110       640    0.9647    0.8414     0.906     0.629   0.02653   0.01653  0.002008
     62/99     2.51G   0.03301   0.02101  0.002545   0.05656       165       640    0.9598    0.8471    0.9043    0.6378   0.02574   0.01629  0.001916
     63/99     2.51G   0.03181   0.02073  0.002544   0.05508        89       640    0.9271     0.871    0.9018    0.6255   0.02632   0.01638   0.00202
     64/99     2.51G   0.03218   0.02136  0.002575   0.05612        69       640    0.9531    0.8548    0.9015    0.6435   0.02554   0.01583  0.002082
     65/99     2.51G   0.03208   0.02145  0.002517   0.05605       175       640    0.9608    0.8537    0.9004    0.6414   0.02551   0.01549  0.002041
     66/99     2.51G   0.03258   0.02213  0.002649   0.05735        93       640    0.9447    0.8717    0.9135    0.6466   0.02542   0.01608  0.002008
     67/99     2.51G   0.03234   0.02225   0.00255   0.05713        79       640    0.9344     0.874    0.9051    0.6574   0.02484   0.01585  0.001931
     68/99     2.51G   0.03166   0.01969  0.002574   0.05393       114       640    0.9529     0.849    0.9019    0.6295   0.02522   0.01655  0.001826
     69/99     2.51G   0.03096   0.02018  0.002481   0.05362       104       640    0.9595    0.8472    0.9033    0.6579   0.02491   0.01547  0.001977
     70/99     2.51G   0.03067   0.02024   0.00246   0.05337       132       640    0.9353    0.8707    0.9028    0.6619   0.02468   0.01546  0.001792
     71/99     2.51G   0.03044   0.02037  0.002544   0.05336        77       640     0.952    0.8682    0.9124    0.6616   0.02441   0.01514  0.001718
     72/99     2.51G   0.03023   0.02088  0.002321   0.05343       146       640     0.926    0.8674    0.9018     0.645   0.02426   0.01519  0.001844
     73/99     2.51G   0.03063   0.02006  0.002441   0.05313       104       640    0.9592    0.8602    0.9122    0.6627   0.02454   0.01536  0.001794
     74/99     2.51G   0.03029   0.02116   0.00247   0.05391       123       640    0.9316    0.8861    0.9132    0.6668   0.02428   0.01528  0.001781
     75/99     2.51G   0.03019   0.01892  0.002512   0.05162       135       640    0.9481    0.8723    0.9127    0.6644   0.02426   0.01587  0.001654
     76/99     2.51G   0.03059   0.01934  0.002715   0.05265       145       640     0.953    0.8621    0.9103    0.6693   0.02425   0.01525  0.001687
     77/99     2.51G   0.02993   0.02003  0.002437   0.05239       125       640    0.9529    0.8621    0.9031    0.6749   0.02403   0.01588  0.001962
     78/99     2.51G   0.02886   0.01984  0.002249   0.05095       113       640    0.9567    0.8704    0.9074    0.6749   0.02386   0.01544  0.001863
     79/99     2.51G   0.02998   0.02001  0.002453   0.05244       139       640    0.9531    0.8435    0.9006    0.6723   0.02384   0.01506  0.002008
     80/99     2.51G   0.02929   0.02034  0.002366     0.052       120       640    0.9331    0.8766    0.9094    0.6745   0.02444   0.01509  0.001865
     81/99     2.51G   0.02835   0.02026  0.002216   0.05082       105       640    0.9354     0.895    0.9191    0.6844   0.02374   0.01495  0.001748
     82/99     2.51G   0.02871   0.01927  0.002283   0.05026       118       640    0.9386    0.8927     0.917    0.6817   0.02337   0.01484  0.001703
     83/99     2.51G   0.02852   0.01993  0.002407   0.05086        96       640    0.9402    0.8766    0.9119    0.6759   0.02368   0.01495  0.001822
     84/99     2.51G   0.02857   0.01906  0.002375      0.05        84       640    0.9436    0.8729    0.9054    0.6796   0.02327   0.01491  0.001741
     85/99     2.51G    0.0282   0.01948  0.002323      0.05       102       640     0.936    0.8755    0.9062    0.6816   0.02307   0.01523  0.001663
     86/99     2.51G   0.02897   0.01951  0.002293   0.05077       103       640    0.9304     0.886    0.9113    0.6932   0.02333   0.01467  0.001816
     87/99     2.51G   0.02754   0.02081  0.002204   0.05056       107       640    0.9382    0.8757    0.9075    0.6847   0.02325   0.01461  0.001764
     88/99     2.51G   0.02819   0.01869  0.002263   0.04913        89       640    0.9349    0.8824    0.9136    0.6866   0.02376   0.01454  0.001709
     89/99     2.51G    0.0274   0.01975  0.002262   0.04941        84       640     0.939    0.8683    0.9091    0.6867   0.02367   0.01451  0.001794
     90/99     2.51G   0.02718   0.01793  0.002204   0.04731       118       640    0.9535    0.8671    0.9158    0.6843   0.02325    0.0146  0.001557
     91/99     2.51G   0.02753   0.01963  0.002255   0.04942       100       640    0.9423    0.8821     0.917    0.6886   0.02309    0.0145  0.001629
     92/99     2.51G   0.02819   0.01875  0.002399   0.04933       144       640    0.9542    0.8614    0.9097    0.6838   0.02351   0.01453   0.00193
     93/99     2.51G   0.02704   0.01862  0.002053   0.04771       148       640     0.931    0.8965    0.9246    0.6965   0.02306   0.01416  0.001661
     94/99     2.51G   0.02751   0.01767  0.002393   0.04757       142       640    0.9333    0.8858    0.9111    0.6911   0.02272   0.01455  0.001639
     95/99     2.51G   0.02748   0.01767  0.002398   0.04754        64       640    0.9591    0.8741    0.9178    0.6957   0.02251   0.01396  0.001713
     96/99     2.51G   0.02655    0.0196  0.002075   0.04822       113       640    0.9531    0.8725    0.9096    0.6934   0.02275   0.01412  0.001821
     97/99     2.51G   0.02719   0.01954  0.002356   0.04908       104       640    0.9486    0.8759     0.919    0.6993   0.02248   0.01371  0.001567
     98/99     2.51G    0.0274   0.01725  0.002405   0.04706       115       640    0.9572     0.868    0.9088    0.6942   0.02265   0.01422   0.00181
     99/99     2.51G   0.02639   0.01861  0.002052   0.04705       120       640    0.9438    0.8712    0.9115    0.6993   0.02246    0.0141  0.001667
