      0/99     2.39G    0.1102   0.02893         0    0.1392        35       640  0.001044    0.2095 0.0002301 3.595e-05   0.09648   0.02134         0
      1/99     2.39G    0.1003   0.02667         0    0.1269        30       640  0.001077    0.2162 0.0003279 5.274e-05    0.0935   0.01952         0
      2/99     2.39G   0.09589   0.02643         0    0.1223        42       640   0.03819  0.006757 0.0008831 0.0001459   0.09415   0.01833         0
      3/99     2.39G    0.0946   0.02461         0    0.1192        24       640    0.0128  0.006757 0.0004397  6.76e-05   0.09653   0.02234         0
      4/99      2.4G   0.09571   0.02829         0     0.124        26       640  0.003231   0.09459 0.0007265 0.0001234   0.09454   0.01775         0
      5/99      2.4G   0.09447   0.02488         0    0.1194        29       640   0.00239   0.04054  0.000691 0.0001056   0.09368   0.01734         0
      6/99      2.4G   0.09217   0.02646         0    0.1186        44       640  0.002713   0.09459 0.0007299  0.000112   0.08884   0.01831         0
      7/99      2.4G   0.09079   0.02756         0    0.1183        24       640  0.009408    0.1014  0.002642 0.0005432   0.08752   0.01875         0
      8/99      2.4G   0.08803   0.02768         0    0.1157        25       640   0.04117    0.1284  0.009533  0.001365   0.08418   0.01914         0
      9/99      2.4G    0.0848   0.02531         0    0.1101        25       640   0.05948    0.1959   0.01925  0.003702   0.08043   0.02486         0
     10/99      2.4G    0.0823   0.02571         0     0.108        20       640   0.04696     0.277   0.02712  0.004257   0.07834   0.03268         0
     11/99      2.4G   0.08029   0.02487         0    0.1052        27       640    0.1308    0.3986   0.08272   0.02185   0.07414   0.01787         0
     12/99      2.4G   0.07724   0.02424         0    0.1015        33       640   0.03784    0.2635   0.02254  0.004542    0.0711   0.04952         0
     13/99      2.4G   0.07362   0.02391         0   0.09753        30       640    0.3482    0.4122    0.2553   0.08612   0.06451   0.02311         0
     14/99      2.4G   0.07082   0.02355         0   0.09438        45       640    0.5505    0.4966    0.4146    0.1509   0.06535   0.01574         0
     15/99      2.4G   0.06838   0.02391         0    0.0923        26       640    0.2709    0.3581    0.1962   0.06365   0.06175    0.0201         0
     16/99      2.4G    0.0665   0.02408         0   0.09058        69       640    0.5202    0.5338    0.4831    0.1907   0.05716   0.01849         0
     17/99      2.4G   0.06204   0.02302         0   0.08506        32       640    0.6015    0.5203    0.4882    0.1815   0.05552    0.0162         0
     18/99      2.4G   0.06463   0.02371         0   0.08834        43       640    0.4368    0.4054    0.3356    0.1119   0.06443   0.01697         0
     19/99      2.4G   0.06252   0.02264         0   0.08516        30       640    0.6014    0.4189    0.4046    0.1571   0.05707   0.01601         0
     20/99      2.4G   0.06001   0.02245         0   0.08246        34       640    0.6611    0.5667    0.6119    0.2929   0.04961   0.01734         0
     21/99      2.4G   0.05667   0.02249         0   0.07916        33       640    0.6634    0.4661    0.5358    0.2231   0.05567   0.01554         0
     22/99      2.4G   0.05502   0.02059         0   0.07561        29       640    0.4388     0.527    0.3751    0.1404   0.05826   0.01751         0
     23/99      2.4G   0.05057   0.01911         0   0.06968        26       640    0.7458    0.7162     0.734    0.2599   0.04858   0.01468         0
     24/99      2.4G   0.04905   0.01943         0   0.06848        28       640    0.8223    0.6892    0.7675    0.3801   0.04225   0.01559         0
     25/99      2.4G   0.04765   0.02049         0   0.06813        23       640    0.7431    0.6486    0.7012    0.3917   0.04138    0.0149         0
     26/99      2.4G   0.04577   0.01928         0   0.06505        58       640    0.6745    0.7699    0.7515    0.4523      0.04   0.01274         0
     27/99      2.4G    0.0447   0.01832         0   0.06303        35       640    0.7932    0.6486    0.6896    0.3283   0.04494   0.01423         0
     28/99      2.4G   0.04372   0.01686         0   0.06059        69       640    0.7916    0.6417     0.755    0.4069   0.03992   0.01235         0
     29/99      2.4G   0.04119   0.01736         0   0.05856        47       640    0.8705    0.7365     0.817    0.5306   0.03412   0.01159         0
     30/99      2.4G   0.04144   0.01723         0   0.05867        27       640    0.7701    0.8378    0.8339    0.5516   0.03042   0.01111         0
     31/99      2.4G   0.03918   0.01601         0   0.05518        21       640    0.7341    0.7089    0.7583    0.4703   0.03188   0.01213         0
     32/99      2.4G   0.03849   0.01699         0   0.05548        22       640    0.8828    0.7162    0.8163    0.4697   0.03456   0.01154         0
     33/99      2.4G   0.03738   0.01611         0   0.05349        18       640    0.9203    0.7027    0.8264    0.5399   0.03019    0.0106         0
     34/99      2.4G   0.03723   0.01692         0   0.05415        25       640    0.8214    0.7769     0.835    0.5776   0.03367   0.01127         0
     35/99      2.4G   0.03514   0.01561         0   0.05075        21       640    0.8876      0.75    0.8484    0.5406   0.02806   0.01068         0
     36/99      2.4G    0.0358   0.01589         0   0.05169        19       640    0.7061    0.7973    0.7682     0.482   0.03293    0.0115         0
     37/99      2.4G   0.03526   0.01602         0   0.05128        29       640     0.777    0.8239    0.8312    0.4668   0.03342    0.0108         0
     38/99      2.4G   0.03405   0.01463         0   0.04868        21       640    0.8233    0.7635    0.8496    0.5941   0.02652   0.01077         0
     39/99      2.4G   0.03211   0.01451         0   0.04662        29       640    0.8749    0.7564    0.8679    0.6014   0.02598  0.009678         0
     40/99      2.4G   0.03281   0.01447         0   0.04728        23       640    0.7661    0.7973    0.8239    0.5363   0.02638   0.01083         0
     41/99      2.4G   0.03401   0.01538         0    0.0494        36       640    0.8709    0.7297    0.8515    0.5689    0.0274   0.01033         0
     42/99      2.4G   0.03165   0.01357         0   0.04523        28       640    0.8903    0.7703    0.8566    0.5332   0.02822   0.01009         0
     43/99      2.4G   0.03135   0.01392         0   0.04527        14       640    0.8755    0.8108    0.8811    0.6192    0.0245  0.009546         0
     44/99      2.4G   0.03063   0.01422         0   0.04485        26       640    0.9074    0.7282    0.8609    0.5942   0.02583   0.01037         0
     45/99      2.4G    0.0286   0.01377         0   0.04237        25       640     0.801    0.8704    0.8563    0.6173   0.02543   0.01027         0
     46/99      2.4G   0.03045   0.01376         0   0.04421        34       640    0.8444    0.8437     0.886    0.6427   0.02276  0.008907         0
     47/99      2.4G   0.02962   0.01332         0   0.04294        22       640    0.8427    0.7635    0.8598    0.6011   0.02541   0.01007         0
     48/99      2.4G    0.0292   0.01292         0   0.04212        46       640    0.8412    0.8243    0.8717    0.6347   0.02374   0.01016         0
     49/99      2.4G   0.02869   0.01395         0   0.04264        43       640    0.9015    0.8036     0.889    0.6513     0.024  0.009173         0
     50/99      2.4G     0.028   0.01316         0   0.04116        35       640    0.8421    0.8646    0.8833    0.6476   0.02558  0.009065         0
     51/99      2.4G    0.0281   0.01324         0   0.04134        17       640     0.897    0.8241    0.9071    0.6561   0.02312  0.008526         0
     52/99      2.4G   0.02712   0.01318         0   0.04031        23       640    0.8736    0.8041    0.8589    0.6392   0.02208  0.009602         0
     53/99      2.4G   0.02758   0.01253         0   0.04011        25       640    0.8487    0.8378    0.8864    0.6644   0.02187  0.009765         0
     54/99      2.4G   0.02772   0.01268         0    0.0404        29       640    0.8884    0.8108    0.8969    0.6639    0.0237  0.009305         0
     55/99      2.4G   0.02641   0.01241         0   0.03882        31       640    0.8948    0.8176    0.8994    0.6656   0.02227  0.008223         0
     56/99      2.4G   0.02635   0.01159         0   0.03793        35       640    0.9077    0.8641    0.9022    0.6666   0.02209  0.008356         0
     57/99      2.4G   0.02477    0.0117         0   0.03648        19       640    0.8748    0.8581    0.9059    0.6863   0.02129  0.007785         0
     58/99      2.4G   0.02557   0.01165         0   0.03722        26       640    0.8843    0.8784    0.9188     0.673   0.02136  0.007647         0
     59/99      2.4G   0.02492    0.0123         0   0.03723        32       640    0.9225    0.8041    0.9006      0.69   0.02134  0.008137         0
     60/99      2.4G   0.02466    0.0134         0   0.03806        18       640    0.8906    0.7701    0.8576    0.6327   0.02454   0.01009         0
     61/99      2.4G    0.0246    0.0122         0   0.03679        29       640    0.8758    0.8581    0.9031     0.663   0.02543  0.008392         0
     62/99      2.4G   0.02371   0.01163         0   0.03534        24       640    0.9061    0.8514    0.9151    0.6983   0.02087  0.007706         0
     63/99      2.4G   0.02408   0.01139         0   0.03547        26       640    0.9078    0.8646    0.9243    0.7186   0.02224  0.007948         0
     64/99      2.4G   0.02351   0.01217         0   0.03568        34       640    0.8843    0.8784    0.9245    0.7096   0.02075  0.007721         0
     65/99      2.4G   0.02355   0.01112         0   0.03468        33       640    0.8827    0.8648    0.9075    0.6967   0.02103  0.007885         0
     66/99      2.4G   0.02416   0.01167         0   0.03583        35       640    0.8174     0.635    0.7155    0.5336   0.02948   0.01253         0
     67/99      2.4G   0.02288   0.01116         0   0.03403        27       640    0.8716    0.8716    0.9069    0.7277   0.01987  0.007879         0
     68/99      2.4G    0.0226   0.01162         0   0.03422        30       640    0.8773    0.8699    0.9137    0.7339   0.01938  0.007359         0
     69/99      2.4G   0.02256   0.01136         0   0.03392        25       640    0.8911    0.8848    0.9311    0.7427   0.01872  0.007278         0
     70/99      2.4G   0.02196   0.01131         0   0.03327        42       640    0.8803    0.8444    0.9158    0.7276   0.01882  0.007633         0
     71/99      2.4G   0.02164   0.01195         0    0.0336        28       640    0.9295    0.8041    0.9002    0.6894   0.02145  0.008865         0
     72/99      2.4G   0.02143    0.0116         0   0.03303        20       640    0.9313    0.8243    0.9117    0.7153   0.01983  0.007723         0
     73/99      2.4G   0.02197   0.01137         0   0.03335        22       640    0.9185    0.8374     0.922    0.7503   0.01898   0.00702         0
     74/99      2.4G    0.0215   0.01064         0   0.03214        23       640    0.8889    0.8176    0.8657    0.6761   0.02256  0.009004         0
     75/99      2.4G   0.02149   0.01151         0     0.033        22       640    0.9264    0.8501    0.9271    0.7414   0.01863  0.007201         0
     76/99      2.4G   0.02047   0.01044         0   0.03091        30       640    0.8684    0.8914    0.9201    0.7419   0.01875  0.006686         0
     77/99      2.4G   0.02067   0.01029         0   0.03096        27       640    0.8767    0.8648    0.9149    0.7163   0.01923  0.007169         0
     78/99      2.4G   0.02016   0.01022         0   0.03038        25       640    0.9225    0.8108    0.8962    0.7135   0.01968  0.008209         0
     79/99      2.4G   0.02033  0.009548         0   0.02988        29       640    0.9124    0.8446    0.9219    0.7444   0.01814  0.007444         0
     80/99      2.4G   0.02026   0.01101         0   0.03127        29       640    0.9338    0.8581    0.9221    0.7529   0.01806  0.006825         0
     81/99      2.4G   0.02037  0.009881         0   0.03025        28       640    0.9609     0.831    0.9224    0.7571   0.01823  0.006863         0
     82/99      2.4G   0.01958  0.009828         0   0.02941        44       640    0.9256    0.8446    0.9153    0.7393   0.01831  0.007292         0
     83/99      2.4G   0.01922    0.0103         0   0.02952        22       640    0.9143    0.8647    0.9175    0.7514   0.01762    0.0071         0
     84/99      2.4G   0.01984  0.009956         0    0.0298        41       640    0.8792     0.885    0.9191    0.7644   0.01792  0.006789         0
     85/99      2.4G   0.01977   0.01044         0   0.03021        33       640    0.9141    0.8649    0.9178    0.7611   0.01796  0.006952         0
     86/99      2.4G    0.0208   0.01041         0   0.03121        45       640    0.8744    0.8986    0.9227    0.7519    0.0175  0.006796         0
     87/99      2.4G   0.01953   0.01022         0   0.02975        44       640    0.9534    0.8378    0.9255    0.7609   0.01749  0.006671         0
     88/99      2.4G    0.0196   0.01019         0   0.02979        50       640    0.9254    0.8377    0.9158    0.7377    0.0185  0.007163         0
     89/99      2.4G   0.01924  0.009891         0   0.02913        17       640    0.9071     0.858    0.9201    0.7446   0.01796  0.006996         0
     90/99      2.4G    0.0192   0.01028         0   0.02949        47       640    0.9133    0.8581    0.9267    0.7615   0.01763  0.007198         0
     91/99      2.4G    0.0194   0.01018         0   0.02958        35       640    0.9021    0.8784    0.9332    0.7747   0.01721  0.006345         0
     92/99      2.4G   0.01837   0.01006         0   0.02843        43       640    0.9332    0.8581     0.927    0.7724   0.01716  0.006694         0
     93/99      2.4G   0.01912   0.01021         0   0.02932        46       640    0.8792    0.8851    0.9203    0.7605   0.01737  0.007091         0
     94/99      2.4G   0.01893  0.009837         0   0.02877        24       640     0.934    0.8716    0.9305    0.7547   0.01764   0.00663         0
     95/99      2.4G   0.01889  0.009831         0   0.02872        35       640    0.9402    0.8514    0.9322    0.7674    0.0171  0.006416         0
     96/99      2.4G   0.01835  0.009976         0   0.02832        25       640    0.8809    0.8041    0.8757    0.6949   0.01863  0.007923         0
     97/99      2.4G   0.01814  0.009821         0   0.02796        27       640    0.9078    0.8648    0.9294    0.7676   0.01725  0.006895         0
     98/99      2.4G   0.01877  0.009972         0   0.02874        20       640    0.9095    0.8851    0.9283    0.7671   0.01667  0.006299         0
     99/99      2.4G   0.01843   0.01013         0   0.02856        28       640    0.9027    0.8784    0.9326    0.7624   0.01766  0.006314         0
