      0/99     2.95G    0.1088   0.02911         0    0.1379        30       640  0.001111     0.223 0.0003153 5.137e-05   0.09548   0.02201         0
      1/99     3.08G   0.09689   0.02791         0    0.1248        18       640 0.0007744    0.1554 0.0001587 3.015e-05   0.09415   0.01974         0
      2/99     3.08G   0.09502   0.02652         0    0.1215        23       640  0.002456  0.006757 0.0003488 7.091e-05   0.09337   0.01886         0
      3/99     3.08G    0.0947   0.02664         0    0.1213        24       640  0.003995  0.006757 0.0002549 3.961e-05   0.09783   0.01726         0
      4/99     3.08G   0.09458   0.02722         0    0.1218        17       640  0.001246      0.25 0.0004274  6.96e-05   0.09385   0.01756         0
      5/99     3.08G   0.09315    0.0249         0     0.118        30       640  0.001172    0.2162 0.0003657 5.048e-05   0.09396   0.04452         0
      6/99     3.08G   0.09124   0.02747         0    0.1187        29       640  0.009302    0.1014  0.002203 0.0003759   0.08629   0.01866         0
      7/99     3.08G   0.08868   0.02573         0    0.1144        20       640    0.1111    0.1081   0.02311  0.004126   0.08051   0.01934         0
      8/99     3.08G   0.08668   0.02781         0    0.1145        24       640   0.06779    0.1486   0.02094  0.004789   0.08242    0.0179         0
      9/99     3.08G   0.08326   0.02478         0     0.108        28       640    0.1588    0.2162   0.06436   0.01339   0.07436    0.0187         0
     10/99     3.08G   0.07731   0.02536         0    0.1027        30       640   0.04339    0.2297   0.02206  0.004852   0.07478   0.03221         0
     11/99     3.08G   0.07634   0.02614         0    0.1025        29       640   0.09154      0.25   0.04358  0.007431   0.07107   0.02331         0
     12/99     3.08G   0.07447    0.0245         0   0.09897        35       640    0.2166    0.3919    0.1365   0.04509   0.06135   0.01954         0
     13/99     3.08G   0.07056   0.02418         0   0.09474        21       640    0.4843    0.4251    0.3865    0.1097   0.06104   0.02166         0
     14/99     3.08G    0.0684    0.0251         0    0.0935        28       640   0.04503       0.5    0.0302  0.007666   0.06615   0.04366         0
     15/99     3.08G   0.06358   0.02346         0   0.08704        26       640    0.4597    0.3919    0.2932   0.09762   0.06278   0.03227         0
     16/99     3.08G   0.06085   0.02385         0    0.0847        23       640  0.001439      0.25 0.0003956 6.211e-05   0.09721    0.9932         0
     17/99     3.08G     0.058   0.02371         0   0.08171        33       640    0.6677    0.5203    0.5139    0.2431    0.0519   0.01915         0
     18/99     3.08G   0.05944   0.02153         0   0.08097        27       640    0.5041    0.4053    0.3863    0.1857   0.05705   0.01635         0
     19/99     3.08G   0.05742   0.02193         0   0.07935        48       640    0.1706    0.5269    0.1296   0.04213   0.05675   0.03192         0
     20/99     3.08G   0.05482   0.02234         0   0.07716        37       640    0.7159    0.4256    0.4714    0.1805   0.06002   0.02262         0
     21/99     3.08G   0.05462   0.02042         0   0.07504        25       640    0.5896    0.5541    0.5599    0.2729   0.05183   0.01612         0
     22/99     3.08G   0.04924   0.02031         0   0.06955        24       640    0.4615    0.3822    0.3246    0.1619   0.04938   0.03226         0
     23/99     3.08G   0.04868   0.01902         0    0.0677        36       640    0.6886    0.6149    0.6837    0.3473   0.03861   0.01434         0
     24/99     3.08G   0.04588   0.01851         0   0.06439        28       640    0.6309    0.6351    0.6117    0.3203   0.05209    0.0157         0
     25/99     3.08G    0.0429   0.01776         0   0.06066        24       640    0.7577    0.7027    0.7622    0.4033   0.03719   0.01294         0
     26/99     3.08G   0.04215    0.0172         0   0.05935        25       640    0.7839    0.7905    0.8225      0.48   0.03495   0.01122         0
     27/99     3.08G   0.04192   0.01732         0   0.05924        37       640    0.7585      0.75    0.7661    0.3605   0.03699   0.01169         0
     28/99     3.08G    0.0407   0.01758         0   0.05828        21       640    0.8207    0.8039    0.7977     0.487   0.03825   0.01168         0
     29/99     3.08G   0.04088   0.01573         0   0.05661        22       640     0.798    0.7703    0.8029    0.5044   0.03608   0.01129         0
     30/99     3.08G   0.03709   0.01681         0    0.0539        39       640    0.7478    0.6212    0.6429    0.3893   0.03975   0.01471         0
     31/99     3.08G   0.03669   0.01547         0   0.05215        32       640    0.7973    0.8239    0.8496    0.5411   0.03074   0.01112         0
     32/99     3.08G   0.03769   0.01573         0   0.05342        24       640    0.8992    0.7836    0.8575    0.5458   0.03108   0.01079         0
     33/99     3.08G   0.03548   0.01588         0   0.05136        43       640    0.8109    0.6956    0.7287    0.5007   0.03857    0.0136         0
     34/99     3.08G   0.03586   0.01588         0   0.05174        25       640     0.859    0.8231    0.8493    0.5934   0.02922    0.0105         0
     35/99     3.08G   0.03455   0.01507         0   0.04962        22       640    0.8038    0.8041    0.8181    0.5207   0.03134   0.01019         0
     36/99     3.08G   0.03382   0.01462         0   0.04844        28       640    0.8759    0.8107    0.8742    0.6132   0.02634  0.009706         0
     37/99     3.08G   0.03283   0.01518         0   0.04801        31       640    0.8276    0.8446    0.8609    0.5962   0.02661   0.01025         0
     38/99     3.08G   0.03169   0.01478         0   0.04647        21       640    0.8545    0.6757    0.7813    0.5559   0.03682   0.01102         0
     39/99     3.08G   0.03233   0.01462         0   0.04695        24       640    0.8506    0.7696    0.8356    0.5701   0.03469   0.01081         0
     40/99     3.08G    0.0301   0.01418         0   0.04428        17       640    0.9058    0.8445    0.9028    0.6267   0.02637   0.01011         0
     41/99     3.08G   0.03066    0.0139         0   0.04456        47       640    0.8705    0.8176    0.8821    0.6157   0.02715  0.009709         0
     42/99     3.08G      0.03   0.01322         0   0.04322        27       640    0.8439    0.8035    0.8705    0.6312    0.0287   0.01015         0
     43/99     3.08G   0.02932   0.01331         0   0.04263        17       640    0.8712    0.6419    0.7196    0.4909   0.03712   0.01326         0
     44/99     3.08G   0.03091   0.01344         0   0.04435        26       640    0.8362    0.8649    0.9006     0.653   0.02448  0.008937         0
     45/99     3.08G   0.02845   0.01231         0   0.04077        28       640    0.8977    0.8311    0.8824    0.6536   0.02688   0.00911         0
     46/99     3.08G   0.02831   0.01291         0   0.04123        33       640    0.9323    0.8374    0.9004     0.665   0.02406  0.008217         0
     47/99     3.08G   0.02756   0.01272         0   0.04028        26       640    0.9043    0.8304     0.891    0.6571   0.02676  0.009248         0
     48/99     3.08G   0.02701   0.01317         0   0.04018        33       640    0.8818    0.8581    0.8977    0.6833   0.02154  0.008033         0
     49/99     3.08G   0.02732   0.01208         0   0.03939        25       640    0.9393    0.8378    0.8982    0.6576   0.02368    0.0084         0
     50/99     3.08G   0.02692   0.01272         0   0.03964        31       640    0.8707    0.8644    0.8769    0.6273   0.02857  0.009538         0
     51/99     3.08G   0.02639   0.01221         0    0.0386        33       640    0.9398    0.8446     0.898    0.6713   0.02772  0.009273         0
     52/99     3.08G   0.02442   0.01206         0   0.03648        43       640    0.8251    0.8311     0.854    0.6612   0.02316  0.008907         0
     53/99     3.08G   0.02505   0.01216         0   0.03721        49       640    0.9135    0.8581    0.9169    0.6914   0.02059  0.007688         0
     54/99     3.08G   0.02558   0.01199         0   0.03757        31       640    0.7018    0.4932    0.5546    0.4035   0.03573   0.01614         0
     55/99     3.08G   0.02542   0.01261         0   0.03802        35       640    0.8308    0.8986    0.9173     0.676   0.02537  0.009098         0
     56/99     3.08G   0.02469   0.01211         0   0.03681        26       640    0.9264    0.8514    0.9268      0.69   0.02167    0.0084         0
     57/99     3.08G   0.02328   0.01135         0   0.03463        33       640    0.9057    0.8446    0.9196    0.7095   0.02245  0.008363         0
     58/99     3.08G   0.02341   0.01085         0   0.03425        26       640    0.9468    0.8446    0.9159    0.7033   0.02238  0.007762         0
     59/99     3.08G   0.02423    0.0117         0   0.03593        40       640    0.9196    0.8497     0.923      0.73   0.01918  0.008067         0
     60/99     3.08G    0.0242     0.011         0    0.0352        25       640    0.9478     0.858    0.9203    0.7302   0.02083  0.008432         0
     61/99     3.08G   0.02313    0.0116         0   0.03473        33       640    0.9161     0.885    0.9279    0.7378   0.01989  0.007628         0
     62/99     3.08G   0.02353   0.01146         0     0.035        32       640    0.9242    0.8237    0.8982    0.7117   0.02587   0.00881         0
     63/99     3.08G   0.02107   0.01161         0   0.03268        41       640    0.9219    0.8784    0.9237    0.7351   0.02174  0.008447         0
     64/99     3.08G   0.02121   0.01043         0   0.03164        24       640    0.9286    0.8783    0.9329    0.7324   0.02036  0.008081         0
     65/99     3.08G    0.0214   0.01062         0   0.03202        70       640    0.9333    0.8514    0.9255    0.7566    0.0177   0.00725         0
     66/99     3.08G   0.02151   0.01104         0   0.03255        35       640    0.9273    0.8649    0.9253    0.7423   0.01976  0.007246         0
     67/99     3.08G   0.02028   0.01011         0   0.03039        40       640     0.928    0.8711     0.925     0.742   0.01884  0.007065         0
     68/99     3.08G   0.02115  0.009969         0   0.03112        31       640    0.9103    0.8919    0.9213    0.7454   0.01696  0.006791         0
     69/99     3.08G   0.02035   0.01123         0   0.03158        31       640    0.9357    0.8849    0.9291     0.745   0.01834  0.007296         0
     70/99     3.08G   0.01946   0.01097         0   0.03043        42       640    0.9236    0.8986    0.9267    0.7333   0.01963  0.008375         0
     71/99     3.08G   0.01992   0.01031         0   0.03023        30       640    0.9302    0.9054    0.9224    0.7484   0.02154  0.007653         0
     72/99     3.08G   0.01986   0.01037         0   0.03023        34       640    0.9299    0.8986    0.9237    0.7543   0.01685  0.006839         0
     73/99     3.08G   0.01964   0.01026         0    0.0299        23       640    0.9098    0.8175     0.861    0.6843   0.02275  0.009471         0
     74/99     3.08G   0.01914   0.01005         0   0.02918        26       640      0.93    0.8986    0.9278     0.773   0.01657  0.006594         0
     75/99     3.08G   0.01921   0.01015         0   0.02935        31       640    0.9487    0.8784    0.9362    0.7715   0.01732   0.00691         0
     76/99     3.08G   0.01858  0.009696         0   0.02828        33       640    0.9172    0.8983    0.9277    0.7718   0.01857  0.007352         0
     77/99     3.08G    0.0184  0.009577         0   0.02798        46       640    0.9359    0.8919    0.9344    0.7743   0.01778  0.007685         0
     78/99     3.08G   0.01754  0.009043         0   0.02658        24       640    0.8933    0.9054    0.9299    0.7766   0.01611  0.006492         0
     79/99     3.08G   0.01836  0.009379         0   0.02774        23       640    0.9552    0.8646    0.9358     0.775   0.01746   0.00708         0
     80/99     3.08G   0.01802    0.0094         0   0.02742        35       640     0.942    0.8782    0.9218    0.7789   0.01664  0.006873         0
     81/99     3.08G   0.01763  0.009149         0   0.02678        16       640     0.923    0.8919    0.9177    0.7719   0.01678  0.006614         0
     82/99     3.08G   0.01761   0.01014         0   0.02775        37       640    0.9489    0.8783    0.9271    0.7937    0.0164  0.006378         0
     83/99     3.08G   0.01765  0.009168         0   0.02682        17       640     0.927    0.8577    0.9252    0.7874   0.01727  0.006773         0
     84/99     3.08G   0.01766   0.00958         0   0.02724        27       640     0.929    0.8851    0.9294    0.7795   0.01628  0.006257         0
     85/99     3.08G   0.01713   0.00943         0   0.02656        27       640    0.9301    0.8984    0.9255    0.7849   0.01603  0.006417         0
     86/99     3.08G   0.01743  0.009299         0   0.02673        21       640    0.9419    0.8784    0.9328    0.7846   0.01747  0.006997         0
     87/99     3.08G   0.01676  0.009454         0   0.02622        28       640    0.9635    0.8919    0.9369    0.7925   0.01611  0.006677         0
     88/99     3.08G   0.01736  0.009357         0   0.02672        28       640    0.9489    0.8782    0.9298    0.7888    0.0161  0.006019         0
     89/99     3.08G   0.01746  0.009229         0   0.02669        35       640    0.9167    0.8918    0.9343    0.8033   0.01552  0.006072         0
     90/99     3.08G   0.01608  0.008566         0   0.02464        30       640    0.9301    0.8985    0.9388    0.7956   0.01637  0.006072         0
     91/99     3.08G   0.01693  0.009398         0   0.02633        43       640    0.8997    0.9122    0.9291     0.786    0.0157    0.0062         0
     92/99     3.08G   0.01681  0.008899         0   0.02571        27       640    0.9189    0.9189    0.9312     0.791   0.01627  0.005935         0
     93/99     3.08G   0.01644  0.009225         0   0.02567        43       640    0.9174    0.9054     0.934    0.7946   0.01657  0.006267         0
     94/99     3.08G   0.01642  0.009094         0   0.02552        42       640    0.9365    0.8986    0.9363     0.796   0.01654  0.006569         0
     95/99     3.08G   0.01627  0.009409         0   0.02568        25       640    0.9492    0.8844    0.9289    0.7904   0.01576   0.00616         0
     96/99     3.08G   0.01562  0.008833         0   0.02445        31       640    0.9437    0.9053    0.9418    0.8023   0.01579  0.006082         0
     97/99     3.08G     0.016  0.008555         0   0.02456        36       640    0.9236    0.8984    0.9447    0.7884   0.01609  0.005999         0
     98/99     3.08G   0.01641  0.009104         0   0.02552        32       640    0.9361    0.8919    0.9395    0.8123   0.01444   0.00571         0
     99/99     3.08G   0.01633  0.008307         0   0.02463        19       640    0.9507     0.912    0.9485    0.8047   0.01581  0.005784         0
