      0/99     1.63G    0.1243   0.03125   0.02748     0.183        45       416 0.0008249    0.1655 0.0003378 5.994e-05    0.1093    0.0306   0.02603
      1/99     1.64G    0.1174   0.03424   0.02556    0.1772        51       416 0.0009792    0.1284 0.0002724 4.847e-05    0.1075   0.03133   0.02486
      2/99     1.64G    0.1132   0.03688   0.02428    0.1743        58       416     0.501    0.1284 0.0003205 5.775e-05    0.1067   0.03165    0.0239
      3/99     1.64G    0.1118   0.03868   0.02339    0.1738        40       416  0.002479   0.01014 0.0003139  6.38e-05     0.109   0.03106   0.02399
      4/99     1.64G    0.1114   0.03891   0.02276    0.1731        47       416 0.0006551    0.0777 0.0001641 3.056e-05    0.1122   0.03604   0.02646
      5/99     1.64G    0.1114   0.03719   0.02218    0.1708        89       416  0.002318  0.003378 0.0001913 2.999e-05    0.1117   0.03388   0.02652
      6/99     1.64G    0.1112   0.03691   0.02196      0.17        35       416 0.0006989   0.08446 0.0001515 2.681e-05    0.1107   0.03642   0.02578
      7/99     1.64G    0.1109   0.03872   0.02148    0.1711        43       416  0.003085  0.003378 0.0002441 3.809e-05    0.1098   0.03112   0.02356
      8/99     1.64G    0.1102   0.03911   0.02145    0.1708        25       416 0.0009086   0.01474 0.0001387 2.433e-05    0.1115   0.03111   0.02629
      9/99     1.64G    0.1099   0.04153   0.02081    0.1723       116       416  0.001003   0.09582 0.0002505 5.029e-05    0.1081   0.03143    0.0232
     10/99     1.64G    0.1094   0.03649   0.02073    0.1666        50       416  0.001953   0.02487 0.0005041 0.0001151    0.1061    0.0319   0.02217
     11/99     1.64G    0.1094    0.0377   0.02069    0.1678        54       416  0.007057   0.02149  0.001159 0.0002327    0.1066   0.03141   0.02301
     12/99     1.64G    0.1086   0.04075   0.02052    0.1699        99       416   0.02843   0.07448  0.005711  0.001094    0.1016   0.03191   0.02074
     13/99     1.64G    0.1061   0.03931      0.02    0.1654        68       416    0.1226   0.09797   0.04617  0.007916    0.0992    0.0313    0.0208
     14/99     1.64G    0.1015   0.03528   0.01962    0.1564        47       416  0.003659    0.1833 0.0007922  0.000146     0.123    0.1196   0.03201
     15/99     1.64G    0.0969   0.03835   0.01828    0.1535        40       416   0.05623    0.1044   0.01771  0.003534     0.105   0.04659   0.02287
     16/99     1.64G   0.09422   0.03617   0.01823    0.1486        39       416    0.1324    0.2531   0.05945   0.01308    0.1018   0.04212   0.02063
     17/99     1.64G   0.09023   0.03689   0.01657    0.1437        53       416    0.1366    0.2502   0.04592   0.01154   0.09503   0.04801   0.01897
     18/99     1.64G   0.08835   0.03688   0.01561    0.1408        51       416    0.3804    0.3116    0.2704   0.07606   0.07803   0.02887   0.01302
     19/99     1.64G   0.08509    0.0362   0.01408    0.1354        42       416    0.3799    0.3727     0.264    0.0821   0.07635   0.02871   0.01261
     20/99     1.64G     0.082   0.03387   0.01258    0.1284        39       416    0.4861    0.4539    0.4131    0.1409   0.06958   0.02866  0.009348
     21/99     1.64G   0.08062   0.03347   0.01249    0.1266        73       416    0.4191    0.4416    0.3022   0.08281   0.07536   0.02765   0.01033
     22/99     1.64G   0.07793   0.03328   0.01061    0.1218        15       416    0.3841    0.3874    0.2732    0.1044   0.07438   0.03069   0.01143
     23/99     1.64G   0.07816   0.03546   0.01088    0.1245        75       416    0.1129    0.1074   0.03804   0.01067   0.09753     0.051   0.02625
     24/99     1.64G   0.07598    0.0345   0.00975    0.1202        39       416    0.3188    0.2669    0.1821   0.05534   0.08122   0.04432    0.0155
     25/99     1.64G   0.07446   0.03335  0.009227     0.117        29       416    0.2596    0.3666    0.2061   0.05038   0.07417   0.03954   0.01119
     26/99     1.64G   0.07273   0.03338  0.009167    0.1153        60       416      0.66     0.566    0.5376    0.1969   0.06159   0.02264  0.007533
     27/99     1.64G   0.07143   0.03203   0.00857     0.112        69       416    0.5485    0.5298    0.4846    0.1622   0.06553   0.02393   0.00752
     28/99     1.64G    0.0669   0.03167  0.007574    0.1061        36       416    0.7419    0.5648    0.5664    0.2238   0.06105   0.02282  0.007038
     29/99     1.64G   0.06678   0.03191  0.007679    0.1064       129       416    0.6477    0.6184    0.5577     0.166    0.0577   0.02265  0.006401
     30/99     1.64G   0.06565   0.02814  0.008095    0.1019        28       416    0.5667    0.4636    0.4464    0.1796   0.06179   0.02617  0.008542
     31/99     1.64G   0.06387   0.03059  0.007891    0.1024       102       416    0.8351    0.5725    0.6387    0.3058   0.05481   0.02155   0.00644
     32/99     1.64G   0.06045   0.03217   0.00714   0.09976        80       416    0.8439    0.6272    0.6928    0.3083   0.05369   0.02053  0.005848
     33/99     1.64G   0.06378   0.03061  0.007255    0.1016        39       416    0.8588    0.6438     0.703    0.3195   0.05038   0.02144    0.0054
     34/99     1.64G   0.05886   0.02795  0.006503   0.09332        77       416    0.8415    0.6533    0.6987    0.3407   0.05034   0.02102  0.005577
     35/99     1.64G   0.05974   0.02869  0.007027   0.09546        70       416    0.8486    0.5776    0.6509     0.334   0.05252   0.02213  0.005485
     36/99     1.64G   0.05633   0.02913  0.006349   0.09181        83       416    0.8274      0.72    0.7559    0.4097   0.04535    0.0191  0.005544
     37/99     1.64G   0.05441   0.02732  0.006048   0.08778        70       416    0.8846    0.6897    0.7714    0.4039   0.04445   0.01842  0.004371
     38/99     1.64G   0.05505   0.02588  0.006375   0.08731        54       416    0.8368       0.7    0.7637    0.4152   0.04381   0.01854   0.00431
     39/99     1.64G    0.0545    0.0276  0.005973   0.08808        79       416    0.8335    0.6995    0.7615    0.4164   0.04526   0.01872  0.004841
     40/99     1.64G   0.05338   0.02511  0.005865   0.08436        33       416    0.8978    0.6757    0.7574    0.4191   0.04533   0.01993  0.004602
     41/99     1.64G   0.05072   0.02565  0.005704   0.08208        59       416    0.9164    0.6806    0.7622    0.4335     0.043    0.0188  0.004918
     42/99     1.64G   0.05059   0.02642  0.005911   0.08292        69       416    0.8915    0.7091    0.7814    0.4422   0.04181   0.01743  0.004083
     43/99     1.64G   0.05068   0.02536  0.005562   0.08159        42       416    0.8925    0.7197    0.8016    0.4697   0.04041   0.01708  0.003943
     44/99     1.64G   0.05083   0.02563  0.005192   0.08165        37       416    0.8967    0.7286    0.7973    0.4403   0.04308   0.01762  0.004457
     45/99     1.64G   0.04928   0.02529  0.005582   0.08016        28       416    0.9179    0.6092    0.7123    0.3843     0.047   0.01957  0.005533
     46/99     1.64G   0.04985   0.02417  0.005422   0.07944        27       416    0.9197    0.7234    0.8036    0.4853   0.04091   0.01785  0.004673
     47/99     1.64G   0.04918   0.02351  0.004775   0.07747        77       416     0.945    0.7427    0.8109    0.4756   0.03991   0.01678  0.003826
     48/99     1.64G    0.0482   0.02481  0.004996     0.078        34       416    0.9471    0.7164    0.8063    0.4795   0.03913   0.01678  0.004113
     49/99     1.64G   0.04773   0.02448  0.004718   0.07693        53       416    0.9319    0.7513    0.8241    0.4883   0.03812   0.01625  0.003907
     50/99     1.64G   0.04863   0.02697  0.005178   0.08078        82       416    0.9183    0.7841    0.8375    0.5119   0.03732   0.01632  0.003908
     51/99     1.64G    0.0448   0.02355  0.004752    0.0731        58       416    0.9459    0.7376    0.8316     0.509   0.03834   0.01591  0.003913
     52/99     1.64G   0.04585   0.02265  0.004964   0.07346        20       416    0.9478    0.7625    0.8367    0.5037   0.03865   0.01572  0.003481
     53/99     1.64G   0.04707   0.02675   0.00491   0.07872        63       416      0.94    0.7814    0.8403    0.5433   0.03484   0.01554  0.003609
     54/99     1.64G   0.04419   0.02491  0.004736   0.07384        36       416    0.9115    0.8038    0.8444     0.553   0.03511   0.01577  0.003658
     55/99     1.64G   0.04626   0.02364  0.004914   0.07481        41       416    0.9494    0.7748    0.8514    0.5246   0.03668   0.01564  0.003402
     56/99     1.64G   0.04334    0.0238  0.004851   0.07199        75       416    0.9394    0.7838    0.8512    0.5529   0.03547   0.01504  0.003413
     57/99     1.64G   0.04352   0.02284  0.004707   0.07107        89       416    0.9231    0.7815    0.8427     0.548   0.03498   0.01521  0.003684
     58/99     1.64G   0.04262   0.02411  0.004425   0.07115        66       416    0.9414    0.8021    0.8589    0.5563   0.03343   0.01466  0.003253
     59/99     1.64G   0.04117    0.0225  0.004381   0.06806        32       416    0.9497    0.8006    0.8596    0.5727   0.03498   0.01438  0.003421
     60/99     1.64G    0.0423   0.02262  0.004871    0.0698        22       416    0.9631    0.7885    0.8493    0.5639   0.03394    0.0146  0.003628
     61/99     1.64G   0.04242   0.02196  0.004703   0.06909        36       416    0.9479    0.7829    0.8438    0.5629   0.03394   0.01443  0.003681
     62/99     1.64G   0.04128   0.02163  0.004517   0.06743        22       416    0.9352    0.8085    0.8586    0.5727   0.03409   0.01411  0.003791
     63/99     1.64G   0.04226   0.02169  0.004705   0.06866        51       416     0.895    0.7973    0.8403    0.5441   0.03439   0.01476  0.003774
     64/99     1.64G   0.04131   0.02171  0.004695   0.06771        63       416    0.8975     0.729    0.7843    0.5027   0.03848   0.01675  0.004136
     65/99     1.64G   0.04114   0.02404  0.004354   0.06954       164       416    0.9063    0.8149    0.8509    0.5682   0.03345   0.01519  0.003648
     66/99     1.64G   0.04032   0.02194  0.004474   0.06673        30       416    0.9339    0.7692    0.8394    0.5653   0.03362   0.01501  0.003794
     67/99     1.64G   0.04046    0.0221  0.004287   0.06684        47       416    0.9435    0.8167    0.8569    0.5754   0.03219   0.01391  0.003315
     68/99     1.64G   0.03891    0.0232  0.004202   0.06631        82       416    0.9245    0.7973    0.8525    0.5862   0.03149   0.01423   0.00328
     69/99     1.64G   0.03992   0.02248  0.004393   0.06679        55       416    0.9342    0.8053    0.8604    0.5769   0.03221   0.01446  0.003135
     70/99     1.64G   0.04064   0.02271  0.004303   0.06765        37       416    0.9424    0.7927    0.8507    0.5871   0.03192   0.01481  0.003456
     71/99     1.64G   0.03842   0.02046  0.004283   0.06315        48       416    0.9114    0.8396    0.8658    0.6022   0.03093   0.01408  0.003574
     72/99     1.64G   0.03753   0.02072  0.004239   0.06249        15       416    0.9563    0.8116    0.8672    0.6019    0.0306   0.01373  0.003291
     73/99     1.64G   0.03827   0.02173  0.004339   0.06434        26       416    0.9218    0.8183    0.8647     0.596   0.03101   0.01403  0.003215
     74/99     1.64G   0.03795   0.01977  0.004155   0.06187        48       416    0.9435    0.8336     0.867     0.598   0.03126   0.01411  0.003276
     75/99     1.64G   0.03702   0.01938  0.004143   0.06055        49       416    0.9423    0.8167    0.8635    0.6132   0.03014   0.01364  0.003037
     76/99     1.64G   0.03819   0.02143  0.003983    0.0636        29       416    0.9448    0.8344    0.8689    0.6115   0.03053   0.01346  0.003095
     77/99     1.64G   0.03769   0.01978  0.004187   0.06166        25       416    0.9476    0.8283    0.8707    0.6072   0.03045   0.01313  0.002989
     78/99     1.64G   0.03636   0.02108  0.003833   0.06127        44       416    0.9276    0.8551    0.8727    0.6174   0.03009   0.01319   0.00321
     79/99     1.64G   0.03647   0.02069  0.003896   0.06106        50       416    0.9643    0.8277    0.8782    0.6133   0.02984   0.01349   0.00308
     80/99     1.64G   0.03718   0.02157  0.004065   0.06282        51       416    0.9531    0.8202    0.8636    0.6123   0.03022   0.01375  0.003545
     81/99     1.64G   0.03635   0.02026  0.003993    0.0606        69       416    0.9332    0.8353    0.8671    0.6213   0.02985   0.01313  0.003173
     82/99     1.64G   0.03533   0.01997  0.003755   0.05905        21       416    0.9338    0.8396    0.8748    0.6258    0.0294   0.01292  0.003509
     83/99     1.64G   0.03538   0.02038  0.003966   0.05973        75       416    0.9654    0.8236     0.874    0.6231   0.02921   0.01282  0.003413
     84/99     1.64G   0.03571   0.02068   0.00393   0.06032        45       416     0.959    0.8218    0.8746    0.6236   0.02947   0.01283  0.003161
     85/99     1.64G   0.03573   0.01949  0.003991   0.05921        48       416    0.9447    0.8255    0.8665    0.6173   0.02972    0.0129  0.003364
     86/99     1.64G   0.03662   0.01944  0.003714   0.05977        46       416    0.9351    0.8469    0.8741     0.629   0.02896   0.01309  0.002979
     87/99     1.64G   0.03544   0.01972  0.003859   0.05902        39       416    0.9399    0.8509    0.8847    0.6283   0.02871   0.01287  0.002895
     88/99     1.64G   0.03606   0.02005  0.004101    0.0602        41       416    0.9543     0.842    0.8819    0.6263    0.0287   0.01273   0.00295
     89/99     1.64G   0.03523   0.02028  0.003864   0.05937        37       416    0.9362     0.839    0.8734    0.6325   0.02895   0.01292  0.003011
     90/99     1.64G   0.03426   0.01883  0.003707    0.0568        43       416    0.9422    0.8387    0.8762    0.6333   0.02841   0.01297  0.002892
     91/99     1.64G   0.03535   0.02172    0.0037   0.06077       112       416    0.9492    0.8318    0.8717    0.6447   0.02808   0.01249  0.003303
     92/99     1.64G   0.03525   0.02022  0.003896   0.05936        37       416    0.9164    0.8202    0.8573    0.6026   0.03028   0.01332  0.002671
     93/99     1.64G   0.03435    0.0188  0.003807   0.05696        44       416    0.9658    0.8191    0.8744    0.6261   0.02869     0.013  0.002559
     94/99     1.64G   0.03496   0.01982  0.003852   0.05863        23       416    0.9436    0.8436    0.8757    0.6304   0.02832   0.01268  0.002893
     95/99     1.64G   0.03633   0.02044  0.004104   0.06087        17       416    0.9767    0.8117    0.8794    0.6443   0.02814   0.01279   0.00299
     96/99     1.64G   0.03442   0.01936  0.003988   0.05776        36       416    0.9451    0.8565    0.8838    0.6322   0.02796   0.01279    0.0028
     97/99     1.64G   0.03418    0.0191  0.003735   0.05702        59       416    0.9366    0.8461    0.8798    0.6399   0.02849   0.01285  0.002869
     98/99     1.64G   0.03466    0.0209  0.003784   0.05935        23       416    0.9441    0.8406    0.8718     0.641   0.02835   0.01254  0.003346
     99/99     1.64G   0.03331   0.01865  0.003688   0.05566        28       416    0.9504    0.8383    0.8791    0.6366    0.0284    0.0128   0.00279
