      0/99     2.85G    0.1069    0.0216         0    0.1285         8       416  0.001705    0.2635 0.0005017 8.425e-05   0.09655   0.01646         0
      1/99     2.92G   0.09951   0.02416         0    0.1237        18       416  0.001868    0.3581 0.0007098 0.0001123   0.09252   0.01657         0
      2/99     2.92G   0.09618   0.02475         0    0.1209        11       416  0.002007    0.3716 0.0008522 0.0001539   0.09143   0.01654         0
      3/99     2.92G    0.0964   0.02281         0    0.1192        13       416  0.001928    0.3514 0.0007453 0.0001262   0.09045   0.01651         0
      4/99     2.92G   0.09709   0.02414         0    0.1212        12       416   0.03117   0.01351  0.002054 0.0003192   0.09114   0.01661         0
      5/99     2.92G   0.09584   0.02406         0    0.1199        13       416   0.02936   0.02027  0.004218 0.0004906   0.09187   0.01769         0
      6/99     2.92G   0.09643   0.02471         0    0.1211        23       416  0.002652    0.1014 0.0008968 0.0001592    0.0914   0.01649         0
      7/99     2.92G   0.09317   0.02569         0    0.1189        15       416   0.01594   0.02703  0.001465 0.0002796   0.09014    0.0163         0
      8/99     2.92G   0.09261   0.02451         0    0.1171        15       416   0.09062   0.01351  0.003302 0.0005486   0.08741   0.01659         0
      9/99     2.92G   0.09257   0.02406         0    0.1166         7       416   0.03921   0.08108  0.007533  0.001335   0.08289    0.0174         0
     10/99     2.92G   0.09095   0.02416         0    0.1151        17       416    0.1327    0.1486    0.0328  0.007043   0.08163   0.01705         0
     11/99     2.92G    0.0899   0.02524         0    0.1151        41       416    0.2362    0.1547   0.07977    0.0149   0.07517   0.01694         0
     12/99     2.92G   0.08586   0.02596         0    0.1118        23       416    0.1052    0.2432   0.05214   0.01038   0.07427   0.02097         0
     13/99     2.92G   0.08199   0.02468         0    0.1067        21       416    0.1284    0.2635   0.08307   0.02082   0.07324    0.0219         0
     14/99     2.92G   0.07884   0.02301         0    0.1018        12       416     0.125    0.1014   0.03245  0.006017   0.09967   0.03106         0
     15/99     2.92G   0.07845   0.02303         0    0.1015         7       416    0.2685    0.4392     0.202   0.04958    0.0679   0.01692         0
     16/99     2.92G   0.07265   0.02415         0   0.09681         7       416    0.3239    0.4054    0.2486   0.08808   0.05998   0.01782         0
     17/99     2.92G   0.06999   0.02434         0   0.09433        14       416    0.4319    0.3649    0.2878   0.09874   0.05938   0.01755         0
     18/99     2.92G   0.06579   0.02205         0   0.08784        28       416    0.3313    0.4054    0.2179    0.1007   0.05575   0.01642         0
     19/99     2.92G   0.06448   0.02105         0   0.08553        11       416    0.2905    0.3581    0.1632   0.05718   0.06226   0.02089         0
     20/99     2.92G   0.06143   0.02162         0   0.08305        11       416    0.7739    0.5473    0.5951    0.2245    0.0524     0.022         0
     21/99     2.92G   0.05978   0.02171         0   0.08149        14       416    0.3392    0.1149   0.08154   0.02028   0.09083   0.05317         0
     22/99     2.92G    0.0581   0.02013         0   0.07823        10       416    0.5918    0.5203    0.4226    0.2067   0.04814   0.02013         0
     23/99     2.92G   0.05748    0.0201         0   0.07758        13       416    0.5872     0.473    0.4944     0.206   0.04666   0.01716         0
     24/99     2.92G   0.05795    0.0216         0   0.07955        17       416    0.1686    0.2365   0.09329   0.01596    0.0804   0.03413         0
     25/99     2.92G   0.05901   0.02084         0   0.07985         7       416    0.2352    0.5135    0.1646   0.06264   0.05414    0.0181         0
     26/99     2.92G   0.05366   0.01949         0   0.07314         7       416    0.4534    0.3716      0.29    0.1238   0.05929   0.02614         0
     27/99     2.92G   0.05081   0.01955         0   0.07035        11       416    0.7673    0.5811    0.6004    0.3078   0.05114   0.01824         0
     28/99     2.92G    0.0485    0.0184         0    0.0669        32       416    0.6141    0.4527    0.4797    0.2595   0.04164     0.023         0
     29/99     2.92G   0.04825   0.01973         0   0.06798        34       416    0.5505    0.6892    0.4756    0.2407   0.04142    0.0157         0
     30/99     2.92G   0.04625    0.0178         0   0.06405         8       416    0.7958    0.5529    0.6502    0.3757   0.03764   0.01942         0
     31/99     2.92G   0.04299   0.01872         0   0.06171         4       416    0.6528    0.5463    0.5078    0.2677   0.04189   0.01917         0
     32/99     2.92G   0.04148   0.01654         0   0.05802         8       416    0.8763     0.723    0.7888     0.495   0.03229    0.0116         0
     33/99     2.92G   0.04279   0.01604         0   0.05884        19       416    0.8384    0.7363    0.7922    0.4254   0.03597   0.01042         0
     34/99     2.92G   0.04169   0.01715         0   0.05884         8       416    0.8913    0.7297    0.8159    0.5243   0.03104   0.01015         0
     35/99     2.92G   0.03972   0.01567         0   0.05539         6       416    0.8046    0.6149    0.6728    0.4003   0.03916   0.01459         0
     36/99     2.92G   0.03837   0.01622         0    0.0546         8       416    0.8624    0.5946    0.6705    0.3684   0.03856   0.01287         0
     37/99     2.92G   0.03868   0.01646         0   0.05514        23       416     0.771    0.6143    0.6717    0.4334   0.03767   0.01323         0
     38/99     2.92G    0.0364   0.01572         0   0.05212        30       416      0.72    0.5946    0.5855    0.2831   0.04078    0.0139         0
     39/99     2.92G   0.03606   0.01562         0   0.05168        19       416       0.8    0.7095    0.7583    0.4686   0.03198   0.01068         0
     40/99     2.92G   0.03553   0.01422         0   0.04975         5       416    0.6315    0.6959    0.5617    0.3867   0.02762   0.01051         0
     41/99     2.92G    0.0338   0.01513         0   0.04893        33       416    0.8514    0.7432    0.7996     0.559   0.02771  0.009255         0
     42/99     2.92G   0.03397   0.01515         0   0.04912         6       416    0.7846    0.7905    0.8037    0.5662    0.0284   0.01004         0
     43/99     2.92G   0.03419   0.01375         0   0.04794        12       416    0.8839    0.6689    0.7838    0.4684   0.03149  0.009456         0
     44/99     2.92G   0.03487   0.01408         0   0.04895         9       416    0.8769    0.7702    0.8748    0.5979   0.02595  0.008195         0
     45/99     2.92G   0.03368   0.01485         0   0.04852         9       416    0.8983    0.7162    0.8068      0.55    0.0278  0.008134         0
     46/99     2.92G   0.03252   0.01362         0   0.04614        10       416    0.7253    0.6958    0.6567    0.4329   0.03013  0.008991         0
     47/99     2.92G   0.03076   0.01358         0   0.04434        16       416    0.8947    0.7162    0.8168    0.5794   0.02851  0.008173         0
     48/99     2.92G   0.03067    0.0135         0   0.04417        13       416    0.8806    0.7972     0.867    0.6244   0.02435  0.007932         0
     49/99     2.92G   0.03064   0.01485         0   0.04548        13       416    0.8804    0.7961    0.8538    0.6332   0.02337   0.00823         0
     50/99     2.92G   0.02957   0.01314         0   0.04271        15       416     0.826    0.7699    0.8262    0.6078   0.02498  0.008661         0
     51/99     2.92G   0.02779    0.0137         0   0.04149        10       416      0.87    0.8176    0.8777    0.6587   0.02193  0.007651         0
     52/99     2.92G   0.02949   0.01272         0   0.04221        13       416    0.9346     0.777    0.8662    0.6284   0.02331  0.007562         0
     53/99     2.92G    0.0293   0.01354         0   0.04284        17       416    0.8389    0.8108    0.8601    0.6428   0.02355  0.007805         0
     54/99     2.92G   0.02759   0.01241         0      0.04        21       416    0.8822    0.8108     0.876    0.6517   0.02337  0.007126         0
     55/99     2.92G   0.02778   0.01307         0   0.04086        36       416    0.8645     0.776    0.8518    0.6291   0.02506  0.007778         0
     56/99     2.92G   0.02754   0.01255         0   0.04009         7       416    0.9012      0.75    0.8703     0.678   0.02145   0.00742         0
     57/99     2.92G   0.02683   0.01205         0   0.03888        25       416    0.9068    0.7905    0.8787    0.6244   0.02409  0.007413         0
     58/99     2.92G    0.0265    0.0115         0     0.038        16       416    0.9432    0.7905    0.8914    0.6846   0.02117  0.006771         0
     59/99     2.92G   0.02555   0.01253         0   0.03808        16       416    0.9482    0.7568    0.8772     0.687   0.02147  0.006965         0
     60/99     2.92G   0.02703   0.01208         0   0.03911         8       416    0.9193    0.7703    0.8816     0.676   0.02002  0.007167         0
     61/99     2.92G   0.02619    0.0126         0   0.03879        19       416    0.9006    0.7973    0.9002    0.6627   0.02218  0.006906         0
     62/99     2.92G   0.02516   0.01234         0    0.0375        11       416    0.8702    0.7703    0.8702    0.7011   0.01883  0.006877         0
     63/99     2.92G   0.02487   0.01174         0   0.03661        17       416    0.8197    0.8311    0.8548    0.6726   0.02209  0.008237         0
     64/99     2.92G   0.02381   0.01166         0   0.03547        22       416    0.8025    0.8512    0.8827    0.6924   0.01974  0.006784         0
     65/99     2.92G    0.0235   0.01175         0   0.03525        16       416    0.9091    0.7432    0.8632    0.6467   0.02148  0.007436         0
     66/99     2.92G   0.02518   0.01212         0   0.03731        13       416    0.8113    0.7297    0.8177    0.6281   0.02249  0.008868         0
     67/99     2.92G   0.02462   0.01192         0   0.03654        19       416    0.9086    0.8108    0.9003    0.6858   0.02192  0.006965         0
     68/99     2.92G   0.02319   0.01128         0   0.03447        21       416    0.9417    0.7633    0.8811    0.6967   0.01911  0.006917         0
     69/99     2.92G   0.02165   0.01147         0   0.03312        24       416    0.7454    0.8514    0.8516    0.6718   0.02034  0.007423         0
     70/99     2.92G   0.02238   0.01127         0   0.03365        13       416    0.9513    0.7973    0.8967    0.7266   0.01893  0.006209         0
     71/99     2.92G   0.02191   0.01102         0   0.03292        16       416    0.9367    0.8041    0.8879    0.7094   0.01875  0.006513         0
     72/99     2.92G   0.02171   0.01098         0   0.03269        13       416    0.8978    0.8311    0.8998     0.712   0.01923  0.006568         0
     73/99     2.92G   0.02155   0.01078         0   0.03233         8       416    0.9014    0.8028    0.8876    0.7279   0.01807  0.006595         0
     74/99     2.92G   0.02115   0.01002         0   0.03117         7       416    0.9328    0.8445    0.9197    0.7335   0.01764    0.0058         0
     75/99     2.92G    0.0201   0.01072         0   0.03082        20       416    0.8782    0.8784    0.9073    0.7337   0.01825  0.006086         0
     76/99     2.92G   0.02146   0.01089         0   0.03235        15       416    0.8609    0.8784    0.9021    0.7256   0.01901  0.006247         0
     77/99     2.92G   0.02081   0.01046         0   0.03127        18       416    0.8819    0.8581    0.9031     0.741   0.01764   0.00609         0
     78/99     2.92G   0.02023   0.01083         0   0.03105        26       416    0.8831    0.8169    0.8966    0.7333   0.01727  0.006536         0
     79/99     2.92G     0.021   0.01049         0   0.03149        14       416      0.91    0.8243    0.9127    0.7376   0.01734  0.006255         0
     80/99     2.92G   0.01993   0.01049         0   0.03042        15       416    0.9291    0.7972    0.9038    0.7426   0.01723  0.006391         0
     81/99     2.92G   0.01993   0.01077         0    0.0307        11       416     0.892    0.8378    0.9105    0.7441   0.01717  0.006128         0
     82/99     2.92G   0.02017   0.01038         0   0.03055         7       416    0.9253    0.8446    0.9123    0.7546   0.01719  0.005805         0
     83/99     2.92G   0.01955   0.01035         0    0.0299         9       416    0.9439    0.7973     0.907    0.7481    0.0169  0.006026         0
     84/99     2.92G   0.01911   0.01025         0   0.02936         9       416    0.9179     0.831    0.9083    0.7396   0.01748  0.005797         0
     85/99     2.92G   0.01967   0.01008         0   0.02975        13       416    0.9083    0.8108    0.9141    0.7454   0.01732  0.006102         0
     86/99     2.92G   0.01964   0.01146         0   0.03111        12       416    0.9308    0.8311    0.9162    0.7445   0.01768  0.006064         0
     87/99     2.92G     0.019   0.01042         0   0.02942         7       416    0.9261    0.7635    0.8933    0.7429   0.01677   0.00633         0
     88/99     2.92G   0.01868  0.009855         0   0.02854         7       416    0.9302    0.8108    0.9132    0.7548    0.0166  0.005811         0
     89/99     2.92G   0.01873   0.01016         0   0.02889        10       416    0.8111    0.8514    0.8826    0.7218   0.01781  0.006505         0
     90/99     2.92G    0.0183  0.009845         0   0.02814        11       416     0.916    0.8176    0.9039     0.756   0.01662  0.005977         0
     91/99     2.92G   0.01823   0.00925         0   0.02747        15       416    0.9108    0.8311    0.9065    0.7477   0.01674  0.005844         0
     92/99     2.92G   0.01883  0.009315         0   0.02815         7       416    0.9203    0.8581    0.9154    0.7349   0.01717    0.0058         0
     93/99     2.92G   0.01854  0.009541         0   0.02808        17       416    0.8435    0.8376    0.8939    0.7269   0.01732  0.006451         0
     94/99     2.92G   0.01919   0.01011         0    0.0293         4       416    0.9179    0.8311    0.9058    0.7512   0.01616  0.005967         0
     95/99     2.92G   0.01865   0.01046         0   0.02911         6       416    0.9672    0.7972    0.9128    0.7626   0.01558  0.005827         0
     96/99     2.92G   0.01822  0.009681         0    0.0279         6       416     0.938    0.8175    0.9077    0.7525   0.01614  0.005712         0
     97/99     2.92G   0.01838  0.009897         0   0.02828        17       416    0.8777    0.8242    0.8908    0.7418   0.01595  0.005959         0
     98/99     2.92G   0.01766   0.00976         0   0.02742        23       416    0.8819    0.8579    0.8974    0.7415    0.0167  0.005759         0
     99/99     2.92G   0.01669   0.00956         0   0.02625        10       416    0.9103    0.8243       0.9    0.7422   0.01683  0.005742         0
