      0/99     6.57G     0.121   0.03497   0.02769    0.1837        53       416 0.0006566    0.1318 0.0002418 4.409e-05    0.1096   0.03032    0.0258
      1/99     4.61G    0.1154   0.03766   0.02583    0.1789        30       416 0.0009276    0.1216 0.0003713 6.285e-05    0.1077   0.03113   0.02455
      2/99     4.61G     0.114   0.03846   0.02432    0.1768       148       416 0.0009534     0.125 0.0004345 7.418e-05     0.107   0.03138    0.0238
      3/99     4.61G    0.1123   0.03688   0.02332    0.1725        55       416  0.008772  0.003378 0.0003819 7.541e-05    0.1115   0.02904   0.02363
      4/99     4.61G    0.1106   0.03741   0.02278    0.1708        48       416  0.006508  0.006757 0.0003914 6.905e-05    0.1128   0.02878   0.02479
      5/99     4.61G    0.1112   0.04107     0.022    0.1742        28       416  0.004333   0.01165 0.0004382 8.005e-05    0.1172   0.02987   0.03447
      6/99     4.61G    0.1109   0.03861   0.02194    0.1714        26       416    0.0037    0.1207 0.0004301  7.98e-05    0.1057   0.03185   0.02185
      7/99     4.61G    0.1098    0.0394   0.02109    0.1703        58       416   0.01355   0.06843  0.003144 0.0004337    0.1054   0.03184   0.02143
      8/99     4.61G    0.1099   0.03978    0.0209    0.1706        29       416    0.0204   0.04436  0.005723  0.001048    0.1052   0.03129   0.02091
      9/99     4.61G     0.109   0.03635   0.02061    0.1659        40       416   0.01491   0.03645  0.002529 0.0004556    0.1165   0.02457   0.02998
     10/99     4.61G    0.1068   0.03715      0.02     0.164        65       416   0.06574    0.0898   0.01825  0.003632    0.1063   0.02689   0.02147
     11/99     4.61G    0.1034    0.0347   0.01956    0.1576        43       416    0.1089    0.1021   0.02827    0.0064    0.1014    0.0319    0.0208
     12/99     4.61G    0.0988    0.0353   0.01828    0.1524        70       416     0.164    0.2281   0.07314   0.01622   0.09819   0.02727    0.0209
     13/99     4.61G   0.09631   0.03653   0.01763    0.1505        82       416    0.1655    0.2046   0.09215   0.02407   0.09161   0.04482   0.01735
     14/99     4.61G   0.09372   0.03593    0.0163     0.146        49       416    0.3542    0.2575     0.175   0.04206   0.08539   0.02909   0.01634
     15/99     4.61G   0.09149   0.03506   0.01543     0.142        36       416    0.2778    0.3614    0.1606   0.03955   0.08743   0.02754   0.01458
     16/99     4.61G   0.08948   0.03565   0.01378    0.1389        29       416    0.2559    0.3605     0.195   0.05602   0.07932   0.03625     0.014
     17/99     4.61G   0.08646   0.03486   0.01224    0.1336        45       416    0.4877    0.4155    0.3556    0.1091   0.07795   0.02498   0.01044
     18/99     4.61G   0.08266    0.0317   0.01148    0.1258        34       416    0.4609    0.4311    0.3253   0.09191   0.07623   0.02446   0.01031
     19/99     4.61G   0.08158   0.03429   0.01103    0.1269        29       416    0.4186    0.5279    0.3748    0.1143   0.06902   0.02715  0.009881
     20/99     4.61G   0.07953   0.03434   0.01066    0.1245        38       416   0.07232   0.09562   0.02051  0.006123    0.1027    0.2681   0.02717
     21/99     4.61G   0.07636   0.03342   0.01008    0.1199        54       416   0.03491   0.05277   0.01061  0.002311      0.11   0.09583   0.03645
     22/99     4.61G   0.07584   0.03342  0.009448    0.1187        47       416    0.4263    0.2173    0.2013   0.07136   0.08213   0.03356   0.01517
     23/99     4.61G   0.07568   0.03075  0.009018    0.1154        30       416    0.5163      0.55    0.4336    0.1612   0.06452   0.02518  0.007298
     24/99     4.61G   0.07713   0.03433   0.00858      0.12        26       416    0.2019    0.2268    0.1137   0.02823   0.08085   0.06567   0.01348
     25/99     4.61G   0.06906   0.03253  0.007933    0.1095        40       416     0.483    0.3783     0.347    0.1267   0.06771   0.03492  0.009783
     26/99     4.61G   0.07097   0.03089  0.007712    0.1096        27       416    0.6007    0.5574    0.5027    0.1364   0.06232    0.0209  0.006429
     27/99     4.61G   0.07108   0.03243  0.008028    0.1115        39       416    0.7833    0.5276    0.5744    0.2561   0.05885   0.02343  0.007804
     28/99     4.61G   0.06777   0.03211  0.008226    0.1081        39       416  0.006602   0.06003 0.0003883 0.0001463    0.1411     11.03    0.3333
     29/99     4.61G   0.06649   0.03169  0.008068    0.1062        53       416    0.6416    0.5496    0.5206    0.2081   0.06193   0.02295  0.007021
     30/99     4.61G   0.06509   0.03182  0.007943    0.1049        56       416    0.6307    0.3916    0.3841    0.1599   0.06657   0.02785  0.009894
     31/99     4.61G   0.05972   0.03193  0.006855   0.09851       102       416     0.731    0.4765    0.5394    0.2284    0.0607   0.03228  0.007777
     32/99     4.61G    0.0595   0.03031  0.006808   0.09662        90       416    0.8073    0.6781    0.6997    0.3726   0.04966   0.01859  0.005096
     33/99     4.61G   0.06098   0.02707  0.006399   0.09444        24       416    0.7677    0.6441    0.6752    0.3218   0.05057    0.0202   0.00574
     34/99     4.61G   0.05784   0.02789  0.006799   0.09253        71       416    0.8615    0.7046    0.7593    0.3727   0.04688   0.01796  0.006124
     35/99     4.61G   0.05566   0.02809  0.005753   0.08951        52       416    0.8591    0.6567    0.7368    0.3856   0.04613   0.01956  0.006098
     36/99     4.61G   0.05949   0.02988  0.007759   0.09712        44       416    0.6528    0.3831    0.3973     0.191   0.07181   0.02544    0.0132
     37/99     4.61G   0.05883   0.03188  0.006967   0.09768       129       416    0.7564     0.561    0.6089    0.2702   0.06262    0.0233   0.00697
     38/99     4.61G   0.05683   0.02828  0.006712   0.09183        60       416    0.6556    0.4813    0.5155    0.2696   0.05543   0.02326  0.007863
     39/99     4.61G   0.05626   0.02731  0.006553   0.09013        74       416    0.8235    0.6576    0.7096    0.3639   0.04846   0.01891  0.005642
     40/99     4.61G   0.05579   0.02636  0.006074   0.08823        49       416    0.9126    0.6665    0.7561    0.4131   0.04481   0.01838  0.005895
     41/99     4.61G   0.05379   0.02804  0.005628   0.08746        36       416    0.8458    0.6878    0.7445    0.3833   0.04711   0.01836  0.007396
     42/99     4.61G   0.05382   0.02715  0.005934   0.08691        42       416     0.876    0.7149    0.7768    0.4555   0.04328   0.01822  0.006483
     43/99     4.61G   0.05043   0.02505  0.005359   0.08084        23       416     0.837    0.6662    0.7258     0.416   0.04291   0.02007  0.004979
     44/99     4.61G   0.05066   0.02716  0.005403   0.08322        45       416    0.9077    0.7394    0.7989    0.4854   0.03901   0.01693  0.004408
     45/99     4.61G   0.05092   0.02481  0.005469    0.0812        31       416    0.8737    0.7486    0.7981    0.4694   0.04462   0.01991   0.00592
     46/99     4.61G   0.04889    0.0252  0.005148   0.07924        35       416    0.9094    0.7423    0.8145    0.4831   0.03898   0.01656  0.004317
     47/99     4.61G   0.04901   0.02631  0.005268   0.08058        53       416    0.8854    0.7486    0.7879    0.4535   0.04225   0.01724  0.004461
     48/99     4.61G   0.04945    0.0258   0.00526   0.08051        92       416    0.9264    0.7523    0.8254    0.5222   0.03692   0.01577  0.003707
     49/99     4.61G   0.04563   0.02404  0.004992   0.07466        44       416    0.9516    0.7427    0.8326    0.4967   0.03692   0.01545  0.003872
     50/99     4.61G     0.046   0.02433  0.004656   0.07499        18       416    0.9525    0.7234    0.8125    0.5137   0.03627    0.0157  0.003777
     51/99     4.61G   0.04643   0.02377  0.004716   0.07492        68       416    0.9446    0.7928    0.8502     0.557   0.03539    0.0152  0.003642
     52/99     4.61G   0.04478   0.02213  0.004674   0.07158        42       416    0.9161    0.7808    0.8325    0.5355   0.03635   0.01542  0.003862
     53/99     4.61G   0.04389   0.02347  0.004457   0.07182        31       416    0.9443    0.7796    0.8432    0.5534   0.03518   0.01529  0.003379
     54/99     4.61G   0.04378    0.0216  0.004578   0.06996        25       416    0.9177    0.7885    0.8384    0.5315   0.03506   0.01507   0.00331
     55/99     4.61G   0.04423   0.02215  0.004974   0.07135        60       416     0.908    0.7891    0.8312    0.5507   0.03396     0.016  0.003491
     56/99     4.61G   0.04315   0.02187  0.004592   0.06961        40       416    0.9411     0.778    0.8403    0.5717   0.03406   0.01505  0.003467
     57/99     4.61G   0.04333   0.02316  0.004632   0.07112        43       416    0.9548    0.7843    0.8498    0.5719   0.03354   0.01456  0.003528
     58/99     4.61G   0.04039   0.02154  0.003922   0.06586        36       416    0.9082    0.8312    0.8635    0.5714   0.03351   0.01428  0.003207
     59/99     4.61G   0.04277   0.02056  0.004627   0.06796        17       416     0.916    0.8019    0.8555    0.5743   0.03277   0.01463  0.003204
     60/99     4.61G   0.04161   0.02024  0.004487   0.06633        36       416    0.9491    0.7896    0.8564     0.569   0.03314   0.01463  0.003377
     61/99     4.61G   0.04066   0.02267  0.004396   0.06772        31       416    0.9115      0.81    0.8582    0.5771   0.03217   0.01429  0.003405
     62/99     4.61G   0.03972   0.02119  0.004414   0.06533        32       416    0.9308     0.812    0.8535    0.5866    0.0314   0.01421  0.003186
     63/99     4.61G   0.03969   0.02149  0.004331   0.06551        38       416    0.9157    0.7902    0.8494    0.5866   0.03186   0.01462  0.003212
     64/99     4.61G   0.04062   0.02309  0.004205   0.06792        44       416     0.924    0.8051     0.854    0.5596   0.03343   0.01453   0.00319
     65/99     4.61G    0.0387   0.02069  0.004061   0.06345        64       416    0.9349    0.7494    0.8077    0.5386   0.03429   0.01556  0.003564
     66/99     4.61G   0.03944   0.02031  0.004174   0.06392        52       416     0.934     0.819    0.8618    0.5903   0.03136   0.01369  0.002947
     67/99     4.61G   0.03898   0.02097  0.004063   0.06401        37       416    0.9583     0.807    0.8657    0.5973   0.03118   0.01409  0.002881
     68/99     4.61G   0.03927   0.02108  0.004043   0.06439        21       416    0.9289    0.8128    0.8616    0.5987   0.03049   0.01386  0.002938
     69/99     4.61G   0.03792   0.02129  0.004131   0.06334        57       416    0.9358    0.8237    0.8682     0.613   0.02975   0.01384   0.00318
     70/99     4.61G   0.03656   0.02243  0.003984   0.06298        15       416    0.9625    0.8077    0.8627    0.5971   0.03087   0.01403  0.003043
     71/99     4.61G   0.03685   0.02017  0.004033   0.06105        69       416    0.9366    0.8239    0.8705    0.6069   0.03081   0.01356  0.002975
     72/99     4.61G   0.03764   0.02063  0.003993   0.06226        59       416    0.9336    0.8428    0.8653    0.6205   0.02979   0.01356  0.002852
     73/99     4.61G   0.03551   0.01934  0.003922   0.05877        25       416    0.9499    0.8349    0.8712    0.6206   0.03003   0.01304  0.002861
     74/99     4.61G   0.03724   0.02051  0.004048    0.0618        77       416    0.9421    0.8203     0.866    0.6191   0.02965    0.0133  0.003112
     75/99     4.61G   0.03581   0.01919  0.003731   0.05873        62       416    0.9301    0.8185    0.8717    0.6237   0.02951   0.01308  0.002814
     76/99     4.61G   0.03705   0.02034  0.004155   0.06155        55       416    0.9487    0.8148    0.8704    0.6278   0.02882   0.01315  0.002827
     77/99     4.61G   0.03575   0.02034  0.003842   0.05993        60       416     0.948    0.8378     0.873    0.6111   0.02952   0.01341  0.002889
     78/99     4.61G   0.03584   0.01947  0.003968   0.05928        36       416    0.9427    0.8413    0.8786    0.6244    0.0297   0.01398  0.002874
     79/99     4.61G   0.03501   0.01936  0.003815   0.05819       100       416    0.9324    0.8359    0.8687    0.6236   0.02845   0.01305  0.002856
     80/99     4.61G   0.03565   0.02072  0.003758   0.06014        54       416    0.9596    0.8396    0.8806    0.6235   0.02923   0.01344    0.0027
     81/99     4.61G   0.03555   0.02021  0.003826   0.05959        87       416     0.965    0.8253    0.8827    0.6346   0.02826   0.01336  0.002654
     82/99     4.61G   0.03443   0.01961  0.003875   0.05791        49       416    0.9383    0.8019    0.8626    0.6274   0.02897    0.0138  0.002618
     83/99     4.61G   0.03379    0.0192   0.00349   0.05648        44       416    0.9457    0.8378    0.8775    0.6281   0.02836   0.01295  0.002596
     84/99     4.61G   0.03479   0.01998  0.003706   0.05848        52       416    0.9397    0.8194    0.8676    0.6136   0.02939   0.01341  0.002638
     85/99     4.61G   0.03413   0.01939  0.003749   0.05727        34       416    0.9457    0.8252    0.8747    0.6289   0.02835   0.01294    0.0026
     86/99     4.61G   0.03408   0.01883  0.003694    0.0566        39       416     0.926    0.8449    0.8752    0.6377     0.028   0.01283  0.002807
     87/99     4.61G   0.03425   0.01841  0.003759   0.05642        17       416    0.9397    0.8435    0.8796    0.6394   0.02823   0.01317  0.002678
     88/99     4.61G   0.03351   0.01901  0.003559   0.05608        57       416    0.9632     0.819    0.8743    0.6276   0.02786   0.01324  0.002783
     89/99     4.61G   0.03421   0.01821  0.003767   0.05618        28       416    0.9502    0.8323    0.8739    0.6414   0.02694   0.01262  0.002544
     90/99     4.61G   0.03324    0.0179  0.003765   0.05491        45       416    0.9462    0.8457    0.8791    0.6443   0.02706   0.01261  0.002416
     91/99     4.61G   0.03269   0.01938  0.003381   0.05545        43       416    0.9418     0.849    0.8789    0.6485   0.02698   0.01254  0.002391
     92/99     4.61G   0.03219   0.01943  0.003553   0.05518        45       416    0.9564    0.8509    0.8805    0.6506   0.02703   0.01265  0.002472
     93/99     4.61G   0.03229   0.01857  0.003543    0.0544        24       416    0.9477    0.8439    0.8779    0.6553   0.02682   0.01243  0.002524
     94/99     4.61G    0.0338    0.0189  0.003948   0.05664        79       416    0.9543    0.8465    0.8784    0.6488   0.02698   0.01257  0.002494
     95/99     4.61G   0.03301   0.01743  0.003702   0.05414        60       416    0.9273    0.8574    0.8795    0.6466   0.02709   0.01267  0.002671
     96/99     4.61G   0.03301   0.01847  0.003538   0.05501        39       416    0.9407    0.8613    0.8858    0.6536    0.0266   0.01248  0.002532
     97/99     4.61G    0.0328   0.01808  0.003646   0.05452        28       416    0.9496    0.8526    0.8799    0.6533   0.02656   0.01224  0.002394
     98/99     4.61G   0.03246   0.01858  0.003447   0.05449        25       416    0.9684    0.8152    0.8751     0.639   0.02705   0.01265  0.002486
     99/99     4.61G   0.03374   0.01799  0.003877   0.05561        35       416    0.9591    0.8375    0.8763    0.6477   0.02702   0.01286  0.002476
