      0/99     2.51G    0.1159   0.05138   0.02819    0.1954        29       640 0.0005892    0.1182 0.0001676 2.894e-05   0.09968   0.04726   0.02617
      1/99     2.51G    0.1104   0.05319   0.02622    0.1898        75       640 0.0005724    0.1149 0.0001492 2.409e-05   0.09788    0.0473   0.02531
      2/99     2.51G    0.1075   0.05377     0.025    0.1863        74       640 0.0005644    0.1115  0.000149  2.17e-05   0.09757     0.047   0.02468
      3/99     2.51G    0.1054   0.05593   0.02422    0.1855        67       640  0.001933  0.003378 0.0001988 2.602e-05   0.09807   0.04689   0.02401
      4/99     2.51G    0.1041   0.05667   0.02344    0.1843        47       640   0.00117   0.02272 0.0001593 2.126e-05     0.108   0.04096   0.02546
      5/99     2.51G    0.1025   0.05737   0.02304    0.1829        27       640  0.001378   0.02365 0.0001543 2.382e-05    0.1147    0.0407   0.03022
      6/99     2.51G     0.102   0.05511   0.02296    0.1801        30       640 0.0005247   0.07217 8.751e-05  1.62e-05     0.103   0.04405   0.02475
      7/99     2.51G    0.1015   0.05813   0.02252    0.1821        47       640 0.0004769   0.07095 7.159e-05 1.067e-05    0.1069   0.04645   0.02687
      8/99     2.51G     0.101   0.05493   0.02227    0.1782        24       640 0.0004248   0.06757 7.541e-05 1.123e-05    0.1025   0.04391   0.02392
      9/99     2.51G    0.1003   0.05344    0.0217    0.1754        13       640  0.008405     0.106  0.002048 0.0003601    0.1001   0.04362    0.0227
     10/99     2.51G   0.09828   0.05494   0.02155    0.1748        63       640   0.05404   0.07564   0.01153  0.001905   0.09462    0.0434   0.02204
     11/99     2.51G    0.0936    0.0533   0.02051    0.1674        28       640   0.06803    0.2302   0.02706  0.005956   0.09137   0.07478   0.02525
     12/99     2.51G   0.09013    0.0505   0.02019    0.1608        35       640    0.1243    0.1737   0.06722   0.01449   0.08425   0.05791   0.02208
     13/99     2.51G   0.08478   0.04857   0.01849    0.1518        24       640    0.2081    0.1725   0.07381   0.02135   0.08246   0.05053   0.02052
     14/99     2.51G   0.08613   0.05044   0.01682    0.1534        94       640     0.149    0.2215    0.0737   0.01717   0.08533   0.04673   0.01869
     15/99     2.51G   0.08435   0.04629   0.01592    0.1466        29       640   0.06439    0.3087   0.03789  0.009586   0.08067   0.04536   0.01963
     16/99     2.51G   0.08114   0.04659   0.01383    0.1416        55       640    0.3141    0.3579    0.2421   0.06123   0.06899   0.04285   0.01277
     17/99     2.51G   0.07841   0.04627   0.01211    0.1368        90       640    0.3277    0.3827    0.2541   0.07924   0.07094   0.03679   0.01116
     18/99     2.51G   0.07651   0.04732   0.01211    0.1359        32       640    0.2138    0.2707    0.1294   0.03664   0.07624   0.06172   0.01652
     19/99     2.51G   0.07429    0.0452  0.009821    0.1293        26       640     0.328     0.308    0.2303    0.0715   0.07612   0.04006   0.01023
     20/99     2.51G   0.07395   0.04396   0.00889    0.1268        59       640    0.2402    0.3896      0.16   0.05748   0.06745   0.06597   0.00857
     21/99     2.51G   0.06934    0.0446  0.008493    0.1224        52       640   0.06865    0.3652   0.04054   0.01059    0.0702   0.08239   0.01332
     22/99     2.51G   0.06764   0.04109  0.007176    0.1159        52       640    0.5477    0.4305    0.3924    0.1327    0.0596    0.0337  0.007737
     23/99     2.51G   0.07187   0.04272  0.007299    0.1219        57       640    0.4528    0.3568    0.2763   0.07766   0.07483   0.05441  0.007919
     24/99     2.51G   0.06983   0.04177  0.007099    0.1187        36       640    0.5937     0.523    0.5237    0.1724   0.05409    0.0337  0.004844
     25/99     2.51G   0.06622   0.04232  0.006195    0.1147        14       640    0.3229    0.2101    0.1339   0.04281   0.08197   0.05937   0.01706
     26/99     2.51G   0.06672   0.04098   0.00627     0.114        21       640    0.3994    0.3148    0.2361   0.08431   0.06812   0.09017   0.01094
     27/99     2.51G   0.06164   0.04263  0.005633    0.1099        91       640    0.4367    0.5094    0.3483    0.1051   0.06547   0.04676  0.005008
     28/99     2.51G   0.06228   0.04156  0.005815    0.1097        61       640    0.6576    0.4914    0.5053    0.1651   0.05541   0.03223  0.006458
     29/99     2.51G   0.06006   0.03908   0.00552    0.1047        80       640    0.3935    0.4397    0.3049    0.1317   0.05504   0.03933  0.005688
     30/99     2.51G   0.05855   0.03698  0.004572    0.1001        37       640    0.7304    0.6609    0.6711    0.2865    0.0468   0.02675  0.003709
     31/99     2.51G   0.05615   0.03664  0.004469   0.09726        27       640    0.7002    0.7115    0.7154    0.3431   0.04287   0.02629  0.003977
     32/99     2.51G   0.05211   0.03624  0.004074   0.09242        25       640    0.7866    0.6711    0.7314    0.3545   0.04524   0.02553  0.003287
     33/99     2.51G   0.05205   0.03454  0.003908   0.09049       108       640    0.8188     0.696    0.7488    0.3554   0.04159   0.02402  0.003061
     34/99     2.51G   0.05048   0.03316  0.003969    0.0876        33       640    0.8078    0.7022    0.7546     0.404   0.03881   0.02803   0.00324
     35/99     2.51G   0.04944   0.03329  0.003368    0.0861        69       640    0.8435    0.7037    0.7664    0.3512   0.04479   0.02581  0.003146
     36/99     2.51G   0.04856   0.03283  0.003529   0.08492        71       640    0.8143    0.7586    0.7895     0.433   0.04262   0.02315   0.00297
     37/99     2.51G   0.04637   0.03449  0.003639    0.0845        62       640    0.8515    0.7468     0.792    0.4301   0.04181   0.02336  0.003784
     38/99     2.51G   0.04714    0.0312  0.003534   0.08188        64       640    0.8965    0.7397    0.8071    0.3994   0.04111   0.02305  0.003161
     39/99     2.51G   0.04475   0.03409  0.003237   0.08207        53       640    0.9061    0.7831    0.8382    0.4747   0.03678   0.02199  0.003096
     40/99     2.51G    0.0439   0.03337  0.003298   0.08057        34       640    0.8656    0.7621    0.8132    0.5013   0.03431   0.02188  0.002877
     41/99     2.51G   0.04364    0.0337  0.003437   0.08077        35       640    0.9362    0.7593    0.8362    0.4742   0.03576   0.02202  0.002837
     42/99     2.51G   0.04195   0.02917  0.003191   0.07431        63       640    0.9178    0.7863    0.8413    0.5209   0.03335   0.02143  0.002679
     43/99     2.51G   0.04289   0.03222  0.002977   0.07809        66       640    0.8995    0.7973    0.8296     0.478   0.03489   0.02147  0.002422
     44/99     2.51G   0.04265   0.03134  0.003327   0.07731        38       640    0.9155    0.7816     0.835    0.4791   0.03236   0.02106  0.002527
     45/99     2.51G   0.04121   0.03132  0.003045   0.07557        23       640    0.9013    0.7908    0.8295    0.4782   0.03268   0.02069  0.002447
     46/99     2.51G   0.03995   0.02921   0.00293    0.0721        71       640    0.9166    0.7914    0.8468    0.5002   0.03271    0.0198  0.002416
     47/99     2.51G   0.03861   0.02983  0.002761    0.0712        46       640    0.9358     0.793    0.8459    0.5003   0.03352   0.02023  0.002556
     48/99     2.51G   0.03912    0.0293  0.003059   0.07148        32       640    0.9321     0.808    0.8508    0.5299     0.032   0.02004  0.002493
     49/99     2.51G   0.03883   0.03225  0.002862   0.07394        95       640    0.8967    0.8008    0.8343    0.5308   0.03119   0.02005  0.002432
     50/99     2.51G   0.03776   0.02859  0.002988   0.06934        39       640    0.9353    0.8018    0.8605    0.5651   0.02926   0.01898  0.002187
     51/99     2.51G   0.03801   0.02699  0.002931   0.06793        35       640    0.9435     0.819    0.8743    0.5342   0.03368   0.01961   0.00233
     52/99     2.51G   0.03785   0.02647  0.002543   0.06687        76       640    0.8888    0.8306    0.8597    0.5481   0.03045   0.02021  0.002159
     53/99     2.51G   0.03639   0.03068   0.00274   0.06981        41       640    0.9308    0.8255    0.8675     0.561    0.0299   0.01917  0.002247
     54/99     2.51G   0.03693   0.02776  0.002533   0.06723       131       640    0.9413    0.8289    0.8718    0.5713   0.02891   0.01851  0.002335
     55/99     2.51G   0.03538   0.02698  0.002529   0.06489        46       640    0.9467    0.8237    0.8699    0.5867   0.02697   0.01799  0.002157
     56/99     2.51G   0.03397   0.02555  0.002364   0.06188        57       640     0.935    0.8026    0.8585    0.5626   0.02745   0.01883  0.002014
     57/99     2.51G   0.03634     0.029  0.002998   0.06833        64       640    0.9383    0.8439    0.8697    0.5722   0.02741   0.01829  0.002214
     58/99     2.51G   0.03573   0.02757   0.00262   0.06592        27       640    0.9309    0.8059    0.8639    0.5773   0.02782   0.01933   0.00233
     59/99     2.51G   0.03326   0.02545  0.002424   0.06114        36       640    0.9548    0.8179    0.8692    0.5875   0.02777   0.01833  0.002119
     60/99     2.51G   0.03375   0.02433  0.002363   0.06045        32       640    0.9526    0.8238    0.8775    0.5923   0.02666   0.01766  0.002186
     61/99     2.51G    0.0323   0.02452  0.002469    0.0593        41       640    0.9455    0.8358    0.8797    0.5959   0.02667   0.01776  0.002145
     62/99     2.51G   0.03175   0.02606  0.002236   0.06004        28       640    0.9535    0.8227    0.8701     0.601    0.0262   0.01793  0.002134
     63/99     2.51G   0.03235   0.02607  0.002332   0.06075        64       640    0.9608    0.8143     0.878     0.603    0.0261    0.0178  0.002073
     64/99     2.51G   0.03178    0.0266  0.002381   0.06076        98       640    0.9536     0.808     0.872    0.5889   0.02542   0.01794   0.00208
     65/99     2.51G   0.03059   0.02745  0.002304   0.06035        34       640    0.9508    0.8216    0.8756    0.6068   0.02573   0.01787  0.002067
     66/99     2.51G   0.03001   0.02508  0.002002   0.05709        29       640    0.9645    0.8183    0.8785    0.6229   0.02465   0.01673   0.00198
     67/99     2.51G   0.03091   0.02342  0.002357   0.05669        49       640    0.9523    0.8341     0.878    0.6132   0.02567   0.01693  0.002006
     68/99     2.51G   0.03012   0.02441  0.002235   0.05677        40       640    0.9733    0.7996    0.8672     0.616   0.02552   0.01786  0.002235
     69/99     2.51G   0.03148   0.02526  0.002273   0.05902        58       640    0.9127    0.8583    0.8693    0.6181    0.0253   0.01744  0.002186
     70/99     2.51G   0.03047   0.02628   0.00249   0.05924        45       640    0.9696    0.8206    0.8808    0.6249   0.02478   0.01735  0.001947
     71/99     2.51G   0.03077   0.02671  0.002369   0.05985        94       640    0.9478     0.844    0.8852    0.6235   0.02432   0.01701  0.001734
     72/99     2.51G   0.03026   0.02548  0.002241   0.05798        85       640    0.9589    0.8258    0.8773    0.6294   0.02396   0.01688  0.001751
     73/99     2.51G   0.02938   0.02451  0.002064   0.05595        45       640     0.948    0.8674    0.8903    0.6357   0.02356   0.01664  0.001516
     74/99     2.51G   0.02853   0.02385  0.002025    0.0544        67       640    0.9392    0.8476    0.8818    0.6274   0.02488   0.01731  0.001719
     75/99     2.51G   0.02837   0.02484  0.002215   0.05543        41       640    0.9667    0.8171    0.8747    0.6391   0.02354   0.01769  0.001819
     76/99     2.51G   0.02886   0.02401  0.002148   0.05502        51       640    0.9652    0.8283    0.8794    0.6352   0.02386   0.01688  0.001756
     77/99     2.51G   0.02795    0.0253  0.002111   0.05536        53       640    0.9479    0.8341    0.8764    0.6363   0.02408   0.01698  0.001965
     78/99     2.51G   0.02791   0.02501   0.00208   0.05501       129       640    0.9721    0.8386    0.8835    0.6422   0.02376   0.01683  0.001379
     79/99     2.51G   0.02856   0.02435  0.002218   0.05513        34       640    0.9705    0.8226     0.885    0.6428   0.02342   0.01664  0.001734
     80/99     2.51G   0.02741   0.02334  0.002109   0.05286        56       640    0.9555    0.8347    0.8832    0.6492   0.02367   0.01732  0.001531
     81/99     2.51G   0.02736   0.02233  0.001976   0.05166        27       640    0.9472    0.8519    0.8792    0.6416   0.02469   0.01677  0.001815
     82/99     2.51G   0.02727   0.02322  0.002037   0.05253        31       640    0.9623    0.8369    0.8815    0.6549   0.02307   0.01661  0.001684
     83/99     2.51G   0.02721   0.02255  0.002148   0.05191        34       640    0.9564    0.8409    0.8806    0.6494   0.02292   0.01692  0.001684
     84/99     2.51G   0.02686   0.02346   0.00195   0.05227        52       640    0.9202    0.8632    0.8812    0.6566   0.02325   0.01653   0.00196
     85/99     2.51G   0.02703   0.02211  0.002133   0.05128        58       640    0.9644    0.8573    0.8861    0.6614   0.02274   0.01638  0.001787
     86/99     2.51G   0.02663   0.02241  0.001876   0.05092        46       640    0.9592    0.8453    0.8924     0.666   0.02231   0.01625  0.001627
     87/99     2.51G   0.02634    0.0218  0.002116   0.05026        50       640    0.9472    0.8546    0.8906    0.6623   0.02242   0.01642  0.001638
     88/99     2.51G   0.02664   0.02302  0.002105   0.05176        78       640    0.9471    0.8579     0.888     0.658   0.02246   0.01664  0.001774
     89/99     2.51G   0.02663   0.02284   0.00196   0.05144        39       640    0.9411    0.8515    0.8856    0.6621   0.02253   0.01624  0.001721
     90/99     2.51G   0.02634   0.02279  0.002099   0.05123        87       640    0.9276    0.8626    0.8874    0.6668   0.02254   0.01617  0.001744
     91/99     2.51G   0.02635   0.02234  0.001985   0.05067        37       640    0.9515     0.853     0.891    0.6613   0.02223   0.01591  0.001697
     92/99     2.51G   0.02558   0.02112  0.001901   0.04861        70       640    0.9572    0.8575    0.8839    0.6562   0.02205   0.01538  0.001518
     93/99     2.51G   0.02584    0.0238  0.001852   0.05149        52       640    0.9623    0.8402    0.8919    0.6624   0.02269   0.01621  0.001425
     94/99     2.51G   0.02573   0.02348  0.001892    0.0511        37       640    0.9637    0.8434    0.8925    0.6643   0.02197   0.01579  0.001438
     95/99     2.51G   0.02577    0.0226  0.001892   0.05026        51       640    0.9641    0.8411    0.8897    0.6702   0.02201    0.0157  0.001685
     96/99     2.51G   0.02545   0.02232  0.001973   0.04974        28       640    0.9384    0.8595    0.8864    0.6571   0.02233   0.01606  0.001725
     97/99     2.51G   0.02549   0.02169  0.001971   0.04915        92       640    0.9431    0.8585    0.8883    0.6741    0.0221    0.0161  0.001831
     98/99     2.51G    0.0255   0.02329  0.001873   0.05066        73       640    0.9591    0.8405    0.8864    0.6559   0.02216   0.01607  0.001439
     99/99     2.51G   0.02522   0.02428  0.001914   0.05141        85       640    0.9673     0.845    0.8909    0.6662   0.02197   0.01584  0.001436
