      0/99     1.02G    0.1118   0.02081         0    0.1326        12       416  0.001515    0.3041  0.001011 0.0001453   0.09633   0.01645         0
      1/99     1.72G    0.1029   0.02289         0    0.1258        16       416  0.001746    0.3243  0.000616 0.0001013   0.09279   0.01649         0
      2/99     1.72G   0.09829    0.0248         0    0.1231         9       416  0.002094    0.3919 0.0008648 0.0001552   0.09089   0.01658         0
      3/99     1.72G   0.09654   0.02391         0    0.1204        18       416   0.01637  0.006757 0.0005617 8.927e-05   0.09649   0.01682         0
      4/99     1.72G   0.09703   0.02346         0    0.1205        17       416   0.01575  0.006757 0.0006904 0.0001297   0.09329   0.01595         0
      5/99     1.72G   0.09613   0.02426         0    0.1204        10       416  0.004571   0.01351 0.0007602 0.0001404   0.09104   0.01622         0
      6/99     1.72G   0.09526   0.02585         0    0.1211        22       416  0.006368   0.01351 0.0009808  0.000181   0.09037   0.01621         0
      7/99     1.72G   0.09417   0.02468         0    0.1188        10       416    0.9581  0.006757  0.006027 0.0006686   0.08996   0.01622         0
      8/99     1.72G   0.09474   0.02531         0    0.1201        14       416  0.002844   0.02027  0.001022 0.0001907   0.09158     0.016         0
      9/99     1.72G   0.09294   0.02404         0     0.117         8       416  0.006727    0.1419  0.001822 0.0002822   0.09106   0.01648         0
     10/99     1.72G   0.09292   0.02388         0    0.1168        19       416   0.01175    0.1689  0.003325 0.0004687   0.08546   0.01754         0
     11/99     1.72G   0.08871   0.02536         0    0.1141         7       416   0.06463    0.1554   0.01532  0.003444   0.08213   0.01698         0
     12/99     1.72G   0.08651   0.02396         0    0.1105        11       416    0.1295    0.1284   0.02822  0.004967   0.08131   0.01796         0
     13/99     1.72G   0.08154   0.02441         0    0.1059        11       416    0.2851    0.1622    0.1043   0.02866   0.07672   0.02494         0
     14/99     1.72G   0.08081   0.02299         0    0.1038         9       416    0.2524     0.223    0.1133   0.02511   0.06978   0.01816         0
     15/99     1.72G   0.07776   0.02513         0    0.1029        16       416    0.2886    0.4111    0.2215   0.07344    0.0677   0.01965         0
     16/99     1.72G   0.07713   0.02467         0    0.1018        25       416   0.07847   0.07432   0.01438  0.003322    0.0898   0.05161         0
     17/99     1.72G   0.07405   0.02433         0   0.09838        19       416    0.2905    0.3099    0.1991   0.04347   0.07893   0.02831         0
     18/99     1.72G   0.06999    0.0237         0    0.0937        18       416    0.6911    0.3174    0.3534    0.1372    0.0602   0.01662         0
     19/99     1.72G    0.0662   0.02332         0   0.08952        14       416   0.08741    0.4054   0.05348   0.01417   0.06693   0.04411         0
     20/99     1.72G   0.06329   0.02327         0   0.08656        16       416    0.7041    0.4865    0.5434    0.2773   0.05347    0.0151         0
     21/99     1.72G    0.0602   0.02213         0   0.08233         5       416    0.5475       0.5    0.4119    0.1806   0.05188   0.01506         0
     22/99     1.72G   0.05942   0.02252         0   0.08195        22       416    0.5512    0.4324    0.4182    0.1936   0.05546   0.02041         0
     23/99     1.72G   0.05933   0.02245         0   0.08178        11       416    0.7788    0.5473    0.5565    0.1956   0.05283   0.01466         0
     24/99     1.72G   0.06092   0.02161         0   0.08253         9       416    0.4141    0.4257    0.3237    0.1159   0.05892    0.0211         0
     25/99     1.72G    0.0554   0.02006         0   0.07545         5       416    0.1029    0.3108   0.04799   0.01272   0.07391   0.03344         0
     26/99     1.72G   0.05878   0.02176         0   0.08054        32       416   0.06672    0.1149   0.01964  0.004519   0.09293   0.03829         0
     27/99     1.72G   0.05694    0.0206         0   0.07754        13       416   0.02268    0.1689  0.007304  0.001437   0.09919    0.0574         0
     28/99     1.72G   0.05369    0.0198         0   0.07348         5       416    0.4426    0.1892    0.1962   0.04855   0.07816   0.04066         0
     29/99     1.72G   0.05144   0.01934         0   0.07077         9       416    0.4452    0.3041    0.2754   0.08375   0.06992   0.02399         0
     30/99     1.72G   0.04736   0.02025         0   0.06761        43       416    0.1975    0.5338    0.1324   0.06178   0.04776   0.01616         0
     31/99     1.72G   0.04621    0.0193         0   0.06551        15       416    0.1056    0.4449   0.07098   0.03259     0.056   0.03621         0
     32/99     1.72G   0.04594   0.01829         0   0.06422        13       416    0.6706    0.3439    0.3432    0.1737   0.05577   0.02126         0
     33/99     1.72G   0.04532    0.0178         0   0.06312        11       416    0.6404    0.6149    0.5404    0.3122   0.04027   0.01507         0
     34/99     1.72G   0.04313   0.01783         0   0.06096        16       416    0.3967    0.3243    0.2298    0.1152   0.06243   0.02182         0
     35/99     1.72G   0.04072    0.0181         0   0.05882        12       416    0.9159    0.6622    0.7941    0.4988   0.03697    0.0105         0
     36/99     1.72G   0.04076   0.01817         0   0.05893        18       416    0.8383    0.7365    0.7995    0.5106   0.03311  0.009903         0
     37/99     1.72G   0.03988   0.01563         0    0.0555        17       416       0.9    0.7294    0.8089    0.4362   0.03804  0.009864         0
     38/99     1.72G   0.03959     0.016         0   0.05559        10       416    0.7874    0.6755    0.7366    0.4839   0.03347   0.01162         0
     39/99     1.72G   0.03851   0.01647         0   0.05498        12       416    0.7008    0.5743    0.5888    0.3693   0.03828   0.01398         0
     40/99     1.72G    0.0396   0.01502         0   0.05462         8       416    0.8098     0.777    0.8136    0.5205   0.03146  0.009394         0
     41/99     1.72G   0.03689   0.01575         0   0.05265        12       416    0.8914    0.7764    0.8323    0.5555   0.02913  0.009613         0
     42/99     1.72G   0.03553   0.01551         0   0.05104        14       416    0.8717    0.6887    0.7601    0.4756   0.03256   0.01074         0
     43/99     1.72G   0.03523   0.01507         0   0.05031        13       416    0.8666    0.7905    0.8465    0.5552   0.03016  0.008917         0
     44/99     1.72G   0.03599   0.01607         0   0.05206        14       416    0.8204     0.777    0.8097    0.5141   0.03188  0.009365         0
     45/99     1.72G   0.03532   0.01464         0   0.04996         8       416     0.887    0.7973    0.8504    0.5751   0.02815  0.008933         0
     46/99     1.72G   0.03319   0.01417         0   0.04736         8       416    0.7156    0.5676    0.5702      0.39   0.03557   0.01565         0
     47/99     1.72G   0.03368   0.01485         0   0.04853        14       416    0.8609    0.7973     0.844    0.5954   0.02694  0.008737         0
     48/99     1.72G   0.03316   0.01476         0   0.04792        17       416    0.8867    0.7432    0.8258     0.553   0.03151  0.009101         0
     49/99     1.72G   0.03168   0.01399         0   0.04567         9       416     0.888    0.8037    0.8651    0.6271   0.02453  0.008327         0
     50/99     1.72G   0.03255    0.0152         0   0.04775        29       416    0.8665    0.7905    0.8484     0.618   0.02634  0.007964         0
     51/99     1.72G   0.03216   0.01446         0   0.04662        25       416    0.8818    0.7635    0.8314    0.5978   0.02744  0.008757         0
     52/99     1.72G   0.03076   0.01456         0   0.04532        41       416    0.9055    0.7768    0.8676    0.6301   0.02524   0.00773         0
     53/99     1.72G   0.03048   0.01317         0   0.04366         6       416    0.8521    0.7027    0.8174     0.584   0.02679  0.008969         0
     54/99     1.72G   0.02989   0.01335         0   0.04325        23       416    0.8855    0.7835    0.8714    0.6399   0.02368  0.007528         0
     55/99     1.72G   0.02799    0.0128         0   0.04079        17       416     0.904    0.7635    0.8545    0.5964   0.02619  0.007843         0
     56/99     1.72G   0.02977    0.0132         0   0.04296        17       416    0.8549    0.7973    0.8702    0.6443   0.02342  0.007549         0
     57/99     1.72G   0.02938   0.01328         0   0.04265         9       416    0.8484    0.7563    0.8546    0.6185   0.02728  0.008719         0
     58/99     1.72G   0.02842   0.01273         0   0.04114         5       416    0.8998    0.7905    0.8766    0.6394   0.02385  0.007486         0
     59/99     1.72G   0.02866   0.01313         0   0.04179        17       416    0.9084    0.8039    0.8831    0.6747   0.02307  0.007301         0
     60/99     1.72G   0.02691   0.01202         0   0.03893        14       416    0.8854    0.7833    0.8576    0.6404   0.02311  0.008233         0
     61/99     1.72G   0.02765    0.0134         0   0.04106         7       416    0.9367    0.8041    0.8871    0.6643   0.02381  0.007446         0
     62/99     1.72G   0.02662   0.01299         0   0.03961        10       416    0.8706    0.8243    0.8739     0.667   0.02453  0.007531         0
     63/99     1.72G   0.02595   0.01295         0    0.0389         6       416    0.9738    0.7568    0.8914     0.698   0.02099  0.007281         0
     64/99     1.72G   0.02829   0.01226         0   0.04055        11       416    0.8945    0.8041    0.8881    0.6528   0.02418  0.007369         0
     65/99     1.72G   0.02673   0.01197         0    0.0387        16       416    0.9572    0.7548    0.8841    0.6752   0.02094  0.007024         0
     66/99     1.72G   0.02563   0.01177         0   0.03739        23       416    0.9274    0.7765    0.8801    0.6651   0.02118  0.007115         0
     67/99     1.72G   0.02411   0.01214         0   0.03625        10       416    0.9337    0.7635    0.8772    0.6708   0.02175  0.007174         0
     68/99     1.72G   0.02497   0.01272         0   0.03769        26       416    0.9002    0.7973    0.8961    0.6865    0.0214  0.006977         0
     69/99     1.72G   0.02432   0.01176         0   0.03608        19       416    0.8794    0.8378    0.9006    0.6861     0.024  0.006918         0
     70/99     1.72G   0.02473   0.01179         0   0.03651        10       416    0.9435    0.7903    0.9085    0.6987   0.02237  0.007243         0
     71/99     1.72G   0.02447   0.01215         0   0.03662        11       416    0.9444    0.8034    0.8994    0.6787   0.02153  0.007482         0
     72/99     1.72G   0.02234    0.0106         0   0.03294         9       416    0.9217    0.7973    0.9012     0.694   0.02035  0.006922         0
     73/99     1.72G   0.02383   0.01161         0   0.03545        15       416     0.887    0.7973     0.885    0.6904   0.02153  0.007076         0
     74/99     1.72G    0.0226   0.01093         0   0.03353        10       416    0.9487    0.7499    0.8862    0.7075   0.02077  0.006982         0
     75/99     1.72G   0.02417   0.01201         0   0.03618        15       416    0.8013    0.7903    0.8527    0.6585   0.02271  0.008424         0
     76/99     1.72G   0.02335   0.01193         0   0.03528        13       416    0.8748    0.8041    0.8852    0.6988   0.02195  0.007203         0
     77/99     1.72G    0.0227   0.01145         0   0.03415        13       416     0.935     0.777    0.8928    0.7085   0.01993  0.006806         0
     78/99     1.72G   0.02295   0.01099         0   0.03394        12       416    0.8256    0.8378    0.8971    0.6946    0.0204  0.006885         0
     79/99     1.72G   0.02115   0.01138         0   0.03253        14       416    0.8948    0.8108    0.8942    0.7131   0.02036  0.006881         0
     80/99     1.72G   0.02202   0.01178         0    0.0338        16       416    0.9071    0.7973    0.8897    0.7059   0.02027  0.007076         0
     81/99     1.72G    0.0225   0.01151         0   0.03401        14       416    0.9483    0.7432    0.8951    0.7055   0.02032  0.006949         0
     82/99     1.72G   0.02235   0.01224         0   0.03459        12       416    0.8756    0.8581    0.9066     0.715   0.02029   0.00694         0
     83/99     1.72G   0.02162   0.01141         0   0.03304        33       416     0.884    0.8239    0.8937     0.711    0.0202  0.007061         0
     84/99     1.72G   0.02205   0.01144         0   0.03349         5       416     0.853    0.8649     0.892    0.7087   0.02118   0.00716         0
     85/99     1.72G   0.02207    0.0117         0   0.03376        22       416    0.8831    0.8176    0.8981    0.7136   0.02009  0.006556         0
     86/99     1.72G   0.02109   0.01074         0   0.03182        17       416    0.8447    0.8514    0.8969    0.7171   0.01976   0.00732         0
     87/99     1.72G   0.02089   0.01095         0   0.03184        13       416    0.8621    0.8445    0.9101    0.7112   0.02004  0.006861         0
     88/99     1.72G   0.02112   0.01103         0   0.03215        10       416     0.875    0.8514    0.9098    0.7199   0.01999  0.006777         0
     89/99     1.72G    0.0206   0.01129         0    0.0319        18       416     0.829    0.8847    0.9043    0.7201   0.01874  0.006185         0
     90/99     1.72G   0.02184   0.01098         0   0.03282        20       416    0.8656    0.8716    0.9125    0.7275   0.01885  0.006395         0
     91/99     1.72G   0.02085   0.01071         0   0.03156        35       416    0.9734     0.743    0.8991    0.7175   0.01875   0.00682         0
     92/99     1.72G   0.01984   0.00972         0   0.02956         7       416     0.952    0.8036     0.911    0.7212   0.01857  0.006442         0
     93/99     1.72G   0.01981   0.01097         0   0.03078        11       416    0.9033    0.8243    0.8985    0.7154   0.01995  0.006846         0
     94/99     1.72G   0.02033  0.009835         0   0.03016        11       416    0.9371    0.8108    0.9057     0.741   0.01954  0.006823         0
     95/99     1.72G   0.01974   0.01048         0   0.03023        19       416    0.8894    0.8716     0.914    0.7498   0.01847  0.006646         0
     96/99     1.72G   0.01899   0.01003         0   0.02903        16       416    0.8819    0.8578    0.9109    0.7449   0.01775  0.006338         0
     97/99     1.72G   0.01915  0.009786         0   0.02893         9       416    0.9263    0.8514    0.9201    0.7444   0.01846  0.006439         0
     98/99     1.72G    0.0203   0.01073         0   0.03103         6       416    0.8928    0.7905    0.8916    0.7124   0.01917  0.006846         0
     99/99     1.72G   0.01966   0.00973         0   0.02939        13       416    0.9509    0.7905    0.9098    0.7365    0.0181   0.00631         0
