      0/99     8.48G    0.1058    0.0326         0    0.1384        19       640  0.001313    0.2635 0.0003669 5.317e-05   0.09594   0.02323         0
      1/99     8.38G   0.09633   0.03191         0    0.1282        31       640  0.001178    0.2365 0.0002953 4.497e-05   0.09314   0.02086         0
      2/99     8.38G   0.09328   0.02871         0     0.122         7       640  0.001111     0.223 0.0002904 5.185e-05    0.0916   0.01972         0
      3/99     8.38G   0.09223   0.02898         0    0.1212        12       640   0.01029  0.006757 0.0005476  9.83e-05   0.09069   0.01909         0
      4/99     8.38G   0.09225   0.02996         0    0.1222        18       640  0.004973   0.02703 0.0008073 0.0001381   0.09662   0.01831         0
      5/99     8.38G   0.09087   0.02888         0    0.1198        12       640    0.0026   0.02703 0.0006845  0.000105   0.09538   0.02508         0
      6/99     8.38G   0.09017   0.02873         0    0.1189        13       640  0.002138    0.1284  0.000669 0.0001062   0.09456   0.02681         0
      7/99     8.38G   0.09181   0.02745         0    0.1193         8       640  0.003629    0.1554  0.001283 0.0001892   0.08998   0.01912         0
      8/99     8.38G   0.08791   0.02994         0    0.1178         9       640   0.01275   0.03378  0.002554 0.0003291    0.0887   0.01794         0
      9/99     8.38G   0.08705   0.03071         0    0.1178         8       640   0.06114    0.1284   0.01995  0.004363   0.08021   0.01941         0
     10/99     8.38G   0.08569   0.02994         0    0.1156        11       640    0.1486    0.1486   0.06061  0.009364   0.07916   0.01907         0
     11/99     8.38G   0.08462   0.02787         0    0.1125        13       640    0.2047    0.2027   0.08222   0.01442    0.0756    0.0219         0
     12/99     8.38G   0.08016   0.02739         0    0.1075        19       640    0.4044    0.3243    0.2147   0.05046    0.0722   0.01898         0
     13/99     8.38G   0.07945   0.03032         0    0.1098         8       640    0.4695    0.3311    0.2794   0.06426   0.06852   0.02111         0
     14/99     8.38G   0.07861   0.02704         0    0.1056        15       640   0.03349    0.1622   0.01421  0.002374   0.07769   0.04546         0
     15/99     8.38G    0.0767    0.0269         0    0.1036        15       640    0.4637    0.3041    0.2753   0.04711   0.06817   0.01988         0
     16/99     8.38G   0.07304   0.02571         0   0.09875        12       640    0.4964    0.4797    0.4415    0.1627   0.06519   0.01806         0
     17/99     8.38G   0.07212   0.02528         0   0.09739        17       640    0.1427   0.08784   0.03672  0.007043    0.0787   0.07663         0
     18/99     8.38G   0.06713   0.02582         0   0.09295        14       640    0.6593    0.4707    0.5275    0.1832   0.05395   0.02149         0
     19/99     8.38G    0.0646   0.02337         0   0.08797        14       640    0.5481    0.4189    0.3999    0.1539   0.06136   0.03345         0
     20/99     8.38G   0.06058   0.02632         0    0.0869        21       640    0.8673    0.5405    0.6608     0.281   0.05004   0.01739         0
     21/99     8.38G   0.05972   0.02248         0    0.0822        11       640    0.5928    0.5135    0.4889    0.2326   0.05733   0.01828         0
     22/99     8.38G   0.05678   0.02441         0    0.0812        12       640    0.4887    0.3784    0.3425     0.146   0.05712   0.03143         0
     23/99     8.38G   0.05851   0.02391         0   0.08242        11       640    0.7443    0.6687    0.6956    0.3223   0.04939   0.01464         0
     24/99     8.38G    0.0579   0.02553         0   0.08342        39       640    0.5948    0.5068    0.4673    0.2395   0.05103   0.02181         0
     25/99     8.38G   0.05665   0.02302         0   0.07967        12       640    0.6636    0.5464    0.5348    0.2101   0.05225   0.02311         0
     26/99     8.38G   0.05263   0.02158         0   0.07421        12       640    0.8014    0.5203    0.6144    0.3452   0.04558   0.02048         0
     27/99     8.38G   0.05039   0.02172         0   0.07211        10       640      0.72    0.4864    0.5502     0.281   0.04498   0.01837         0
     28/99     8.38G   0.04968   0.02062         0    0.0703        23       640    0.2292    0.1486   0.07456   0.01871   0.07909   0.03002         0
     29/99     8.38G   0.04885   0.01986         0   0.06871         8       640    0.7401    0.5203    0.5754    0.2067   0.05254   0.01727         0
     30/99     8.38G   0.04574   0.01985         0   0.06559        10       640     0.312    0.3378    0.1967   0.07617   0.06578   0.01978         0
     31/99     8.38G   0.04708   0.02079         0   0.06787         7       640    0.3236    0.3243    0.2665    0.1114   0.06689   0.02135         0
     32/99     8.38G   0.04272   0.01948         0    0.0622        13       640     0.827    0.6824    0.7623     0.466   0.03801   0.01165         0
     33/99     8.38G   0.03946   0.01915         0   0.05861        11       640    0.8425    0.6145    0.6769    0.4013   0.04659   0.01323         0
     34/99     8.38G   0.04062   0.01853         0   0.05914        13       640    0.8346    0.6824    0.7465    0.3874   0.04143    0.0123         0
     35/99     8.38G   0.04218   0.01808         0   0.06026        19       640    0.7378    0.7432    0.7366    0.4342   0.04281   0.01176         0
     36/99     8.38G   0.03863   0.01858         0   0.05721        13       640    0.7264    0.7905    0.7236    0.3897   0.03527    0.0105         0
     37/99     8.38G   0.03778    0.0177         0   0.05548        15       640     0.812    0.7635    0.7876    0.4863   0.03077   0.01103         0
     38/99     8.38G   0.03597   0.01701         0   0.05298        13       640    0.6718    0.5808    0.5721    0.3351   0.04365   0.01648         0
     39/99     8.38G   0.03668    0.0167         0   0.05339         7       640    0.7828    0.7365    0.7717    0.4723   0.03361   0.01196         0
     40/99     8.38G   0.03441   0.01727         0   0.05169        15       640    0.8788    0.7836    0.8651    0.6196   0.02889   0.01029         0
     41/99     8.38G   0.03482   0.01719         0   0.05201        22       640    0.7288    0.6554    0.7013    0.4701   0.03879   0.01402         0
     42/99     8.38G   0.03232   0.01468         0   0.04699         8       640    0.8486    0.7973    0.8209    0.5774   0.02799   0.01021         0
     43/99     8.38G   0.03537   0.01611         0   0.05148        21       640    0.8869    0.7973    0.8446    0.6055    0.0253  0.009441         0
     44/99     8.38G   0.03212   0.01567         0    0.0478        17       640    0.8369    0.6959    0.7686    0.5177   0.03069   0.01217         0
     45/99     8.38G   0.03261   0.01493         0   0.04754        10       640    0.2581    0.7905    0.2472    0.1689   0.02799   0.01424         0
     46/99     8.38G   0.03177   0.01649         0   0.04826        12       640    0.6152    0.7562    0.5694    0.3799   0.02706   0.01002         0
     47/99     8.38G   0.03019   0.01494         0   0.04513        19       640    0.8713    0.8243    0.8828    0.6585   0.02589  0.009283         0
     48/99     8.38G   0.02861   0.01459         0    0.0432        20       640    0.9374    0.8097    0.9041    0.6767   0.02384   0.00793         0
     49/99     8.38G   0.02813    0.0147         0   0.04284        18       640    0.8983    0.8359    0.9037    0.6862   0.02313  0.007796         0
     50/99     8.38G   0.02846   0.01536         0   0.04383        10       640    0.7785    0.7362     0.706    0.4966   0.02557  0.008342         0
     51/99     8.38G    0.0296   0.01424         0   0.04384        22       640    0.9453    0.8176    0.9037    0.6705   0.02379  0.008432         0
     52/99     8.38G   0.02772   0.01377         0   0.04149        24       640     0.872    0.7838    0.8469    0.5882   0.02929   0.01052         0
     53/99     8.38G   0.02717   0.01413         0    0.0413         8       640    0.9135    0.8581    0.9176    0.6985   0.02241  0.007839         0
     54/99     8.38G    0.0274    0.0148         0    0.0422        16       640    0.8791    0.8851    0.8997    0.6873   0.02259  0.008015         0
     55/99     8.38G   0.02718    0.0127         0   0.03988        15       640     0.917    0.8986    0.9257    0.6705   0.02331  0.007725         0
     56/99     8.38G   0.02651   0.01483         0   0.04134        19       640    0.8311    0.8647    0.8369    0.6234   0.02281  0.007538         0
     57/99     8.38G    0.0256   0.01424         0   0.03985        17       640    0.8288    0.8508    0.8693    0.6316   0.02515  0.009171         0
     58/99     8.38G   0.02579   0.01356         0   0.03935        25       640     0.623    0.5806    0.5521    0.3835   0.03206   0.01511         0
     59/99     8.38G   0.02493    0.0135         0   0.03843        14       640    0.9102    0.8919    0.9255    0.7375   0.02075  0.007214         0
     60/99     8.38G   0.02449   0.01317         0   0.03766        14       640    0.9166    0.8919    0.9247    0.7193   0.02162  0.007368         0
     61/99     8.38G   0.02458   0.01416         0   0.03874        19       640    0.9097    0.8848    0.9246    0.7227   0.02311  0.007916         0
     62/99     8.38G   0.02591   0.01273         0   0.03864        15       640    0.8882    0.9121    0.9136    0.7006    0.0213   0.00709         0
     63/99     8.38G   0.02457   0.01294         0   0.03751        19       640    0.8669    0.8378    0.8825    0.6984   0.02126  0.008101         0
     64/99     8.38G   0.02252   0.01278         0   0.03529        16       640    0.8823    0.9121    0.9304    0.7072   0.02176  0.007275         0
     65/99     8.38G   0.02318   0.01352         0    0.0367        15       640    0.9021    0.8712    0.9103    0.7237   0.02042  0.007543         0
     66/99     8.38G    0.0224    0.0126         0     0.035        15       640     0.969    0.8446    0.9264     0.733   0.01947  0.006864         0
     67/99     8.38G    0.0229   0.01283         0   0.03573         8       640    0.8782    0.8784    0.8978    0.7055    0.0208  0.007936         0
     68/99     8.38G   0.02408   0.01328         0   0.03736        16       640    0.9534    0.8378    0.8925    0.7168   0.01993  0.007359         0
     69/99     8.38G   0.02224   0.01249         0   0.03473         9       640    0.8963    0.8784    0.9226    0.7492   0.01853  0.007066         0
     70/99     8.38G   0.02188    0.0112         0   0.03308         8       640    0.9054    0.9051    0.9301    0.7607   0.01884  0.006716         0
     71/99     8.38G   0.02107    0.0122         0   0.03327        10       640    0.9542    0.8445    0.9186     0.732   0.02055  0.007521         0
     72/99     8.38G   0.02102   0.01077         0   0.03178        18       640    0.9149    0.8716    0.9167    0.7509   0.01928  0.007642         0
     73/99     8.38G   0.02113   0.01219         0   0.03332        25       640     0.922    0.8783    0.9332    0.7725   0.01819  0.006858         0
     74/99     8.38G    0.0199   0.01107         0   0.03097        19       640    0.9349    0.8784    0.9352    0.7806   0.01763  0.006935         0
     75/99     8.38G   0.02044   0.01186         0    0.0323        11       640     0.927    0.8581    0.9122    0.7429    0.0204  0.007087         0
     76/99     8.38G   0.01872   0.01135         0   0.03008         9       640    0.9478     0.858    0.9237    0.7547   0.01968  0.007278         0
     77/99     8.38G   0.01927    0.0124         0   0.03168        15       640     0.913    0.8514    0.8786    0.7037   0.01885  0.007833         0
     78/99     8.38G   0.01877   0.01063         0    0.0294         8       640    0.8811    0.8511    0.8624    0.7224   0.01733  0.006675         0
     79/99     8.38G   0.01867   0.01145         0   0.03013        11       640     0.867    0.9257    0.8985    0.7484   0.01738  0.006427         0
     80/99     8.38G   0.01879   0.01076         0   0.02955        18       640    0.9424    0.8851    0.9155    0.7592    0.0177  0.006844         0
     81/99     8.38G    0.0193   0.01133         0   0.03064         8       640    0.9096    0.8851     0.935    0.7793   0.01731    0.0066         0
     82/99     8.38G   0.01786   0.01039         0   0.02825        10       640     0.941    0.8649    0.9247    0.7738   0.01698  0.006576         0
     83/99     8.38G   0.01893   0.01106         0   0.02999        30       640    0.9469    0.8442    0.9036     0.735   0.01928  0.008124         0
     84/99     8.38G   0.01829   0.01161         0    0.0299        22       640    0.8598    0.9122    0.8662    0.6985   0.01852  0.007447         0
     85/99     8.38G    0.0175   0.01079         0   0.02829        18       640    0.9115    0.9054    0.8886    0.7336   0.01753  0.007107         0
     86/99     8.38G   0.01835   0.01149         0   0.02984        16       640    0.9236    0.8985    0.8863    0.7253   0.01889  0.007438         0
     87/99     8.38G   0.01795   0.01093         0   0.02888        24       640    0.9429    0.8918    0.9377    0.7885   0.01683  0.006301         0
     88/99     8.38G   0.01803    0.0107         0   0.02873        14       640    0.9371    0.9053    0.9338    0.7897   0.01662   0.00637         0
     89/99     8.38G   0.01731   0.01004         0   0.02735        14       640    0.9296    0.8918    0.9206    0.7683   0.01848  0.007406         0
     90/99     8.38G   0.01744  0.009872         0   0.02732        12       640    0.9305    0.9054    0.9243    0.7862   0.01625   0.00642         0
     91/99     8.38G    0.0179   0.01043         0   0.02833        21       640    0.8671    0.9257    0.8983    0.7514   0.01655   0.00623         0
     92/99     8.38G   0.01672  0.009958         0   0.02668        11       640    0.9222    0.8851    0.9158    0.7746   0.01686  0.006655         0
     93/99     8.38G   0.01653  0.009654         0   0.02619        13       640    0.9704    0.8919    0.9359    0.7917   0.01629   0.00644         0
     94/99     8.38G   0.01621  0.009666         0   0.02588        13       640    0.9109    0.8986    0.9025     0.771   0.01594   0.00646         0
     95/99     8.38G   0.01687   0.01079         0   0.02766        16       640    0.9489    0.8784    0.9069    0.7596   0.01689   0.00687         0
     96/99     8.38G   0.01578  0.009884         0   0.02566         8       640    0.9377    0.9189    0.9152    0.7787   0.01585  0.006123         0
     97/99     8.38G   0.01748   0.01132         0    0.0288        44       640    0.9503    0.9052    0.9258    0.7874   0.01515  0.006117         0
     98/99     8.38G   0.01564  0.009746         0   0.02538        10       640    0.9485    0.8715    0.9215    0.7856   0.01563  0.006632         0
     99/99     8.38G   0.01645   0.01089         0   0.02734         5       640    0.9423    0.8851    0.9204    0.7911   0.01539  0.006272         0
