      0/99     3.32G    0.1063   0.02276         0     0.129        19       416  0.001713    0.2635  0.000506 8.792e-05   0.09632   0.01644         0
      1/99      4.6G   0.09774   0.02511         0    0.1228        31       416  0.001916    0.3716  0.001093 0.0001728    0.0921   0.01667         0
      2/99      4.6G   0.09616   0.02336         0    0.1195         7       416  0.001961    0.3716 0.0008186 0.0001524   0.09057   0.01667         0
      3/99      4.6G   0.09478    0.0241         0    0.1189        12       416  0.004501   0.01351  0.001042 0.0002208   0.09053   0.01645         0
      4/99      4.6G   0.09607   0.02448         0    0.1205        18       416  0.001963   0.04054 0.0007066 0.0001218    0.1019    0.0144         0
      5/99      4.6G   0.09476   0.02401         0    0.1188        12       416  0.007712   0.01351  0.001078 0.0001805    0.1022   0.02889         0
      6/99      4.6G   0.09456   0.02372         0    0.1183        13       416  0.008509   0.01351  0.001149 0.0001957   0.09762   0.01428         0
      7/99      4.6G   0.09557   0.02236         0    0.1179         8       416   0.01291  0.006757  0.001365 0.0002494   0.09595   0.01475         0
      8/99      4.6G   0.09393   0.02462         0    0.1186         9       416  0.004719   0.02027  0.001272 0.0002127   0.09268   0.01517         0
      9/99      4.6G   0.09336   0.02501         0    0.1184         8       416    0.2487  0.006757  0.002705 0.0005312   0.09007   0.01583         0
     10/99      4.6G   0.09158   0.02584         0    0.1174        11       416  0.006146    0.1351  0.001675 0.0002682   0.09169   0.01729         0
     11/99      4.6G   0.09018   0.02469         0    0.1149        13       416   0.07897    0.1486   0.02132  0.004151   0.08071    0.0174         0
     12/99      4.6G    0.0875   0.02447         0     0.112        19       416    0.1462    0.1014   0.02203  0.002764   0.08397   0.01697         0
     13/99      4.6G   0.08698    0.0268         0    0.1138         8       416   0.09382    0.1351   0.02134  0.004378   0.08815   0.03169         0
     14/99      4.6G   0.08423   0.02446         0    0.1087        15       416    0.1118    0.1892   0.05287  0.008355    0.0759   0.01723         0
     15/99      4.6G   0.08352   0.02448         0     0.108        15       416   0.03897    0.2162   0.01773  0.002944   0.08429   0.02258         0
     16/99      4.6G   0.07945   0.02371         0    0.1032        12       416    0.2032     0.277   0.09922   0.02338     0.073   0.01928         0
     17/99      4.6G   0.07784   0.02314         0     0.101        17       416    0.3688    0.3243    0.2152   0.04129   0.07368   0.01857         0
     18/99      4.6G   0.07368   0.02341         0   0.09709        14       416    0.3895    0.4662    0.3247   0.09169   0.06615   0.02116         0
     19/99      4.6G   0.06914   0.02151         0   0.09065        14       416    0.3012    0.3919    0.2581   0.06524   0.06986   0.02058         0
     20/99      4.6G   0.07008   0.02332         0    0.0934        21       416    0.3949    0.3446    0.2296   0.04412   0.07104   0.02064         0
     21/99      4.6G   0.06549   0.02071         0    0.0862        11       416   0.05688    0.2365   0.02373  0.005203   0.08472   0.02216         0
     22/99      4.6G   0.06095   0.02153         0   0.08248        12       416     0.674    0.5449    0.5989    0.2775    0.0476   0.01888         0
     23/99      4.6G   0.06273    0.0218         0   0.08453        11       416    0.6999    0.4727    0.5193     0.186    0.0589   0.01985         0
     24/99      4.6G   0.05958   0.02275         0   0.08233        39       416    0.3295    0.2432    0.1713   0.05797   0.07809   0.01643         0
     25/99      4.6G   0.05844   0.02055         0   0.07898        12       416    0.4849    0.3307    0.3025    0.1142   0.06118    0.0211         0
     26/99      4.6G    0.0572   0.01991         0   0.07712        12       416    0.5173    0.4324    0.3559    0.1342   0.06044   0.01767         0
     27/99      4.6G   0.05819   0.02059         0   0.07879        10       416    0.7307    0.4662    0.5434    0.2343   0.04937   0.01452         0
     28/99      4.6G   0.05024   0.01931         0   0.06955        23       416    0.6562    0.5675     0.545    0.2229   0.05007   0.01448         0
     29/99      4.6G   0.05072   0.01837         0   0.06909         8       416   0.03317    0.4122   0.02273   0.01001   0.06629   0.03379         0
     30/99      4.6G   0.04764   0.01765         0   0.06528        10       416    0.4838    0.4122    0.3896    0.1786   0.04793   0.01796         0
     31/99      4.6G   0.04829   0.01877         0   0.06706         7       416    0.8448    0.6284    0.6903    0.3951   0.03685   0.01366         0
     32/99      4.6G   0.04827   0.01794         0   0.06622        13       416     0.745    0.5946    0.6058    0.3227   0.04356   0.01327         0
     33/99      4.6G   0.04405   0.01767         0   0.06172        11       416    0.8698    0.6351    0.7044    0.3763   0.04314   0.01126         0
     34/99      4.6G   0.04136   0.01712         0   0.05848        13       416    0.8772    0.6755    0.7675    0.4676   0.03418  0.009708         0
     35/99      4.6G   0.04208   0.01613         0   0.05821        19       416    0.8889    0.6486    0.7497    0.4578    0.0346   0.01022         0
     36/99      4.6G   0.04172   0.01679         0   0.05851        13       416    0.9396    0.6351    0.7452    0.4649   0.03512   0.01049         0
     37/99      4.6G   0.03832   0.01574         0   0.05406        15       416      0.96    0.6483    0.7733    0.5173   0.03319   0.01026         0
     38/99      4.6G   0.03916    0.0157         0   0.05486        13       416    0.9579    0.6148    0.7613    0.4425    0.0377   0.01029         0
     39/99      4.6G   0.04102   0.01554         0   0.05657         7       416    0.4841    0.6284    0.4138    0.2365    0.0334   0.01112         0
     40/99      4.6G    0.0387   0.01632         0   0.05502        15       416    0.5099    0.6824    0.4288    0.2895   0.02982  0.009896         0
     41/99      4.6G   0.03813   0.01683         0   0.05496        22       416      0.25    0.5608    0.1838   0.08834   0.04404   0.01387         0
     42/99      4.6G   0.03607   0.01399         0   0.05006         8       416   0.09038    0.6892   0.07813   0.04563   0.03597   0.02768         0
     43/99      4.6G   0.03686   0.01513         0   0.05199        21       416    0.6404    0.6622    0.5603    0.3821   0.02933  0.009233         0
     44/99      4.6G   0.03439   0.01472         0   0.04911        17       416   0.05057    0.7973   0.04605   0.02635   0.03273   0.03658         0
     45/99      4.6G   0.03347   0.01396         0   0.04743        10       416    0.2062    0.6622    0.1794    0.1256   0.02698    0.0119         0
     46/99      4.6G   0.03356   0.01494         0   0.04849        12       416     0.815    0.7162    0.7793    0.5475   0.02627  0.008682         0
     47/99      4.6G   0.03288   0.01377         0   0.04665        19       416    0.9464    0.7162      0.84    0.5969   0.02504  0.008193         0
     48/99      4.6G   0.03247   0.01382         0    0.0463        20       416    0.8719    0.7359     0.844    0.5902   0.02551  0.007437         0
     49/99      4.6G   0.03298   0.01412         0    0.0471        18       416     0.677    0.7095    0.6166    0.4389   0.02544  0.009331         0
     50/99      4.6G   0.03076   0.01437         0   0.04512        10       416    0.9297    0.7162    0.8528    0.6268   0.02436   0.00774         0
     51/99      4.6G   0.02913   0.01322         0   0.04234        23       416    0.8467    0.7834    0.8685    0.6154   0.02454  0.007302         0
     52/99      4.6G   0.02914   0.01263         0   0.04177        24       416    0.7798    0.7898    0.8154    0.6021   0.02255   0.00732         0
     53/99      4.6G   0.02976    0.0135         0   0.04326         8       416    0.9077    0.7971    0.8783    0.6445   0.02376  0.007403         0
     54/99      4.6G   0.03045   0.01386         0   0.04431        16       416    0.9158    0.7349    0.8499    0.6058   0.02562  0.007181         0
     55/99      4.6G   0.02978   0.01199         0   0.04177        14       416     0.229    0.7365    0.2055    0.1439   0.02632   0.01702         0
     56/99      4.6G   0.02917   0.01377         0   0.04294        19       416    0.3357    0.7888     0.341    0.2447   0.02567  0.009803         0
     57/99      4.6G   0.02806   0.01354         0    0.0416        17       416    0.5315    0.7973       0.5    0.3605   0.02485  0.008297         0
     58/99      4.6G   0.02676    0.0127         0   0.03946        25       416    0.1276    0.7432     0.116   0.08285   0.02546   0.01533         0
     59/99      4.6G   0.02683   0.01288         0   0.03971        14       416   0.06689    0.7297   0.05874   0.04073   0.02886   0.02322         0
     60/99      4.6G   0.02593    0.0127         0   0.03862        14       416    0.9291    0.7095    0.8418    0.6074   0.02472  0.007825         0
     61/99      4.6G   0.02633   0.01345         0   0.03978        19       416    0.8169    0.7838    0.7874    0.5828   0.02229  0.007684         0
     62/99      4.6G   0.02715   0.01185         0     0.039        15       416    0.4684    0.7027    0.4295    0.3167   0.02229   0.01274         0
     63/99      4.6G    0.0263   0.01211         0   0.03841        19       416    0.7838    0.8573    0.8779     0.673   0.02104  0.006532         0
     64/99      4.6G   0.02494   0.01213         0   0.03707        16       416     0.868    0.8446    0.8913    0.6748    0.0213  0.006494         0
     65/99      4.6G   0.02567   0.01308         0   0.03875        15       416    0.8888    0.8108    0.8875    0.6746   0.02127  0.006737         0
     66/99      4.6G   0.02464   0.01187         0   0.03651        15       416    0.4553     0.723    0.4137    0.2925   0.02483  0.009837         0
     67/99      4.6G   0.02385   0.01223         0   0.03607         8       416    0.3559    0.7095    0.3206    0.2478    0.0222   0.01067         0
     68/99      4.6G   0.02449   0.01243         0   0.03692        16       416     0.619    0.7905    0.6153    0.4787   0.02203  0.007484         0
     69/99      4.6G   0.02496   0.01198         0   0.03694         9       416    0.5728    0.7972    0.5707    0.4424   0.01973  0.008369         0
     70/99      4.6G   0.02451   0.01072         0   0.03523         8       416    0.7662    0.7973     0.753    0.5743   0.01983  0.006721         0
     71/99      4.6G   0.02406   0.01213         0   0.03619        10       416    0.6744    0.7432    0.6181    0.4848    0.0193  0.006879         0
     72/99      4.6G   0.02214   0.01058         0   0.03272        18       416   0.07091    0.7635    0.0636   0.04712    0.0227   0.04482         0
     73/99      4.6G   0.02331   0.01201         0   0.03532        25       416    0.1414    0.6959    0.1291    0.1004   0.02163   0.01675         0
     74/99      4.6G   0.02174   0.01114         0   0.03288        19       416    0.3493    0.7297    0.3252    0.2593   0.02061   0.00841         0
     75/99      4.6G   0.02321   0.01172         0   0.03493        11       416    0.5893    0.8243    0.5514    0.4301   0.02015  0.007279         0
     76/99      4.6G   0.02121   0.01105         0   0.03226         9       416    0.6646    0.7905    0.6202    0.4899   0.01886  0.007656         0
     77/99      4.6G    0.0223   0.01199         0   0.03429        15       416    0.3557    0.7833    0.3363    0.2642   0.01927   0.01036         0
     78/99      4.6G   0.02163   0.01046         0    0.0321         8       416    0.4242     0.777    0.3833    0.3023   0.01881  0.009112         0
     79/99      4.6G   0.02119   0.01099         0   0.03218        11       416    0.2318    0.7838    0.2117    0.1687   0.01897   0.01527         0
     80/99      4.6G   0.02115   0.01042         0   0.03157        18       416    0.1719    0.8514    0.1594    0.1262   0.01853     0.035         0
     81/99      4.6G   0.02119   0.01095         0   0.03214         8       416    0.1938    0.8446      0.18    0.1391   0.01863   0.02634         0
     82/99      4.6G   0.01975   0.01008         0   0.02982        10       416    0.1904    0.8649    0.1774    0.1378    0.0187   0.02789         0
     83/99      4.6G   0.02038   0.01084         0   0.03122        30       416    0.4079    0.8243    0.3886    0.3072   0.01925   0.01041         0
     84/99      4.6G   0.02063   0.01123         0   0.03187        21       416    0.6219    0.8445    0.6085    0.4899   0.01833  0.007592         0
     85/99      4.6G   0.01939   0.01055         0   0.02993        18       416    0.4601    0.8581    0.4317    0.3443   0.01839  0.008358         0
     86/99      4.6G   0.02027   0.01067         0   0.03094        16       416    0.6611    0.8446     0.657    0.5343   0.01834  0.006987         0
     87/99      4.6G   0.01987   0.01058         0   0.03045        24       416    0.5909    0.7905    0.5372    0.4298   0.01859  0.008184         0
     88/99      4.6G   0.01968  0.009933         0   0.02961        14       416    0.5257    0.8243    0.4988    0.3983   0.01864  0.009228         0
     89/99      4.6G   0.01891  0.009814         0   0.02872        14       416    0.6723    0.8039    0.6236    0.5018   0.01808  0.008295         0
     90/99      4.6G   0.01869   0.00958         0   0.02827        12       416    0.5418    0.8716    0.5247    0.4246   0.01873   0.01032         0
     91/99      4.6G   0.01943   0.01005         0   0.02949        21       416    0.4092    0.8378    0.3827    0.3096   0.01852   0.01015         0
     92/99      4.6G   0.01863  0.009538         0   0.02817        11       416    0.2983    0.8243    0.2782    0.2259   0.01844   0.01195         0
     93/99      4.6G   0.01799  0.009333         0   0.02732        13       416    0.5855    0.8781    0.6065    0.4946   0.01773  0.007778         0
     94/99      4.6G   0.01836  0.009508         0   0.02786        13       416     0.599    0.7972    0.5707    0.4722   0.01742  0.007787         0
     95/99      4.6G   0.01919   0.01052         0   0.02971        16       416    0.7485    0.8647    0.7343    0.5982   0.01782  0.006906         0
     96/99      4.6G   0.01825  0.009723         0   0.02798         8       416    0.7557    0.8176    0.7477     0.622    0.0173  0.006025         0
     97/99      4.6G   0.01956     0.011         0   0.03056        43       416     0.813    0.8224     0.819     0.678   0.01754  0.006363         0
     98/99      4.6G   0.01823  0.009887         0   0.02812        10       416    0.6377    0.8446    0.6627    0.5485   0.01717  0.006885         0
     99/99      4.6G   0.01875   0.01036         0   0.02911         5       416    0.8445    0.8514    0.8264    0.6864   0.01682   0.00653         0
