      0/99     3.12G    0.1187   0.04171   0.02759     0.188       103       640 0.0004714   0.09459 9.636e-05 1.466e-05    0.1014   0.04366   0.02578
      1/99     3.13G    0.1108    0.0451   0.02528    0.1812       116       640 0.0005219    0.1047 0.0001207 1.942e-05   0.09978   0.04332   0.02459
      2/99     3.13G    0.1054   0.04813   0.02387    0.1775        71       640 0.0006232     0.125 0.0002106 3.372e-05   0.09978   0.04294   0.02362
      3/99     3.13G    0.1051   0.04773   0.02309     0.176       138       640 0.0007202   0.08446 0.0001763 2.567e-05    0.1011   0.04184   0.02317
      4/99     3.13G    0.1039   0.04575    0.0225    0.1722       111       640 0.0008867  0.003378 0.0001778 3.066e-05    0.1022   0.04098   0.02326
      5/99     3.13G     0.104   0.04776   0.02222     0.174        88       640  0.001046     0.106 0.0001465 2.421e-05   0.09924   0.04269   0.02225
      6/99     3.13G     0.103   0.05053   0.02152     0.175        99       640  0.006289    0.1296 0.0003159 6.335e-05   0.09792   0.04337   0.02181
      7/99     3.13G    0.1026   0.04644   0.02135    0.1704        91       640   0.01104   0.04327   0.00173 0.0002558   0.09901   0.04177   0.02191
      8/99     3.13G    0.1005   0.04593   0.02069    0.1671        73       640    0.5893   0.06419    0.0313  0.007048   0.09414   0.04025   0.02121
      9/99     3.13G   0.09703   0.04286   0.01943    0.1593       120       640    0.1351    0.1175   0.02697   0.00578   0.09713     0.117   0.02481
     10/99     3.13G   0.09045   0.04374   0.01781     0.152        73       640    0.1089    0.1613   0.07718   0.02151   0.08872   0.04332   0.01979
     11/99     3.13G   0.08774   0.04241   0.01606    0.1462       119       640     0.188    0.3675    0.1858   0.04419   0.07489   0.04011    0.0146
     12/99     3.13G   0.08441   0.04063   0.01326    0.1383        72       640    0.2646    0.2496    0.1448   0.04031   0.08095   0.05786   0.01577
     13/99     3.13G    0.0804    0.0422   0.01175    0.1343       149       640    0.2864    0.3121    0.1865   0.04536   0.07629   0.06572   0.01137
     14/99     3.13G   0.07593   0.03808   0.00978    0.1238       126       640    0.3163    0.4028    0.2572   0.07693   0.07202   0.04368   0.01241
     15/99     3.13G    0.0726   0.03673  0.009179    0.1185        91       640    0.4717    0.4873     0.422    0.1492   0.06282   0.03174   0.00701
     16/99     3.13G   0.07125   0.03511  0.007913    0.1143        89       640    0.5142    0.5077    0.4658    0.1431   0.06331   0.02901  0.005915
     17/99     3.13G    0.0674    0.0361  0.007439    0.1109        82       640    0.5166    0.3494    0.3223    0.1014   0.07346    0.0456   0.01429
     18/99     3.13G   0.07222   0.03731  0.006631    0.1162       107       640    0.3944    0.4341    0.3335    0.1194   0.07642     0.032  0.008936
     19/99     3.13G   0.06768   0.03386  0.006638    0.1082       125       640    0.6987    0.6461    0.6585    0.2156   0.05612   0.02867  0.004935
     20/99     3.13G   0.06537   0.03434  0.006418    0.1061        90       640    0.5961     0.641    0.6185    0.2332   0.05635   0.03092   0.00658
     21/99     3.13G   0.06416   0.03312  0.005874    0.1032        83       640    0.6753     0.633    0.6544    0.2589   0.05219   0.03199  0.005107
     22/99     3.13G   0.06088   0.03109  0.005239   0.09721       101       640    0.7992    0.7153    0.7506    0.3282   0.04912   0.02596  0.004068
     23/99     3.13G   0.05757   0.03163   0.00517   0.09437       110       640    0.7875    0.6852    0.7293     0.293   0.04842   0.02429  0.004647
     24/99     3.13G   0.05741   0.03153   0.00516    0.0941       106       640    0.7331    0.6915    0.7036    0.2751   0.04897   0.02705  0.005139
     25/99     3.13G   0.05313   0.03006  0.004863   0.08805       106       640    0.8964    0.7286    0.7916    0.4322   0.04243   0.02426  0.004169
     26/99     3.13G   0.05142   0.02782  0.004775   0.08401       117       640    0.8378    0.6968    0.7632    0.3942   0.04405   0.02542  0.004454
     27/99     3.13G    0.0518   0.02807  0.004207   0.08408       125       640    0.9048    0.7248    0.8078    0.4328    0.0395   0.02441  0.004561
     28/99     3.13G   0.05054   0.02733  0.004558   0.08242        87       640    0.8744    0.7344     0.805    0.4522   0.04039    0.0236  0.003746
     29/99     3.13G   0.04765   0.02741  0.003963   0.07902       118       640    0.7445    0.5282    0.5611    0.3034   0.05403   0.03363  0.009392
     30/99     3.13G   0.04704   0.02542  0.004263   0.07672        78       640    0.8877    0.7336    0.8052    0.4445   0.04068   0.02363  0.003822
     31/99     3.13G   0.04602   0.02736  0.003682   0.07707        72       640    0.8795    0.7907    0.8414    0.4504   0.03854   0.02079   0.00284
     32/99     3.13G   0.04515   0.02532  0.003831   0.07431        66       640    0.8825     0.792    0.8378    0.4514   0.03828   0.02276  0.003214
     33/99     3.13G   0.04435   0.02636  0.003357   0.07407       118       640    0.9412    0.7965    0.8683    0.5112   0.03492   0.01998  0.003392
     34/99     3.13G   0.04414   0.02669  0.003642   0.07447       112       640    0.8393    0.6737    0.7519     0.406   0.04226   0.02681  0.004639
     35/99     3.13G   0.04165   0.02581   0.00354     0.071        99       640    0.8434    0.7001    0.7465    0.4441   0.04103   0.02341  0.004265
     36/99     3.13G   0.04292   0.02494  0.003811   0.07166       196       640    0.9503    0.8033    0.8741    0.5345   0.03223   0.01895  0.002699
     37/99     3.13G   0.04116   0.02533  0.003357   0.06985       142       640    0.9507    0.7853    0.8673    0.5155   0.03532   0.02054  0.003258
     38/99     3.13G   0.04283   0.02478  0.003514   0.07112       114       640    0.9043    0.7892    0.8663    0.5262   0.03318   0.02061  0.002816
     39/99     3.13G   0.03962   0.02524  0.003062   0.06793       108       640    0.8596    0.6236    0.7235    0.4265   0.03947   0.02862  0.005546
     40/99     3.13G   0.03913   0.02457  0.003094   0.06679        98       640    0.9412    0.8134    0.8756    0.5658    0.0329   0.01929  0.002548
     41/99     3.13G    0.0397   0.02375   0.00309   0.06654        89       640    0.9479    0.8089    0.8896    0.5819   0.03019   0.01878  0.002529
     42/99     3.13G   0.03898   0.02522  0.002989    0.0672       112       640    0.9475    0.8324    0.9023    0.5766   0.03035   0.01776  0.002548
     43/99     3.13G   0.03777   0.02338  0.003189   0.06434        82       640    0.9341    0.8384    0.8944    0.6041   0.02974   0.01764  0.002537
     44/99     3.13G   0.03791    0.0233  0.003334   0.06455       111       640    0.9377    0.8251    0.8793     0.577   0.02985   0.01791  0.002456
     45/99     3.13G   0.03646   0.02298  0.003035   0.06247       112       640    0.9643    0.8224    0.9006    0.5956   0.02947   0.01749  0.002423
     46/99     3.13G   0.03623   0.02151  0.002766    0.0605        58       640      0.94    0.8504    0.9021    0.5821   0.03086   0.01781  0.002406
     47/99     3.13G   0.03675   0.02357  0.003006   0.06333       118       640    0.9217    0.8077    0.8706    0.5659   0.02914   0.01994  0.002428
     48/99     3.13G    0.0368   0.02387  0.003071   0.06375       106       640    0.9593    0.8383    0.9133    0.6121   0.02909   0.01735  0.002089
     49/99     3.13G   0.03492    0.0225  0.003003   0.06042        75       640    0.9583    0.8463    0.9061    0.6156   0.02867   0.01717  0.002142
     50/99     3.13G   0.03432    0.0211   0.00297   0.05839       102       640    0.9383    0.8877    0.9256    0.6184   0.02828   0.01607  0.002181
     51/99     3.13G   0.03464   0.02237   0.00268   0.05969       207       640    0.9366    0.8722    0.9196    0.6374   0.02644   0.01604  0.001822
     52/99     3.13G   0.03337   0.02224  0.002819   0.05843        92       640    0.9378    0.8449    0.9009    0.6163   0.02697   0.01724  0.002314
     53/99     3.13G   0.03434   0.02197  0.002914   0.05922       126       640    0.9176     0.879    0.9093    0.6391   0.02591    0.0159  0.002148
     54/99     3.13G   0.03398    0.0216  0.002649   0.05823       102       640    0.9172    0.8794    0.9166    0.6323    0.0262    0.0165  0.001763
     55/99     3.13G   0.03361   0.02023  0.002734   0.05657       163       640    0.9464    0.8592    0.9074    0.6185   0.02863   0.01636  0.001865
     56/99     3.13G   0.03369   0.02068  0.002694   0.05706       125       640    0.9307    0.8808    0.9241    0.6592   0.02558   0.01586  0.001713
     57/99     3.13G   0.03155   0.02073  0.002732   0.05501       121       640    0.9373    0.8681    0.9173    0.6573   0.02501   0.01587  0.001738
     58/99     3.13G   0.03207   0.02076  0.002648   0.05547       179       640    0.9735    0.8181    0.9081    0.6438   0.02548   0.01591  0.001942
     59/99     3.13G   0.03215   0.01946  0.002513   0.05413        96       640    0.9497    0.8727    0.9213     0.642   0.02541   0.01561  0.001602
     60/99     3.13G   0.03112   0.02077   0.00258   0.05447       118       640    0.9635    0.8642    0.9121    0.6526   0.02523   0.01568  0.001739
     61/99     3.13G   0.03038   0.01958  0.002607   0.05257        87       640    0.9397    0.8524    0.9148    0.6714   0.02387   0.01572  0.001834
     62/99     3.13G   0.02997   0.02026  0.002423   0.05266        89       640    0.9478    0.8783    0.9299     0.672   0.02444   0.01528  0.001988
     63/99     3.13G   0.02987   0.02014  0.002535   0.05255        94       640    0.9492     0.877    0.9231    0.6679   0.02356   0.01532  0.001868
     64/99     3.13G   0.02973   0.01869  0.002473   0.05089        80       640    0.9592    0.8567    0.9208    0.6582   0.02467   0.01521  0.001821
     65/99     3.13G   0.02928   0.01977  0.002412   0.05146       116       640    0.9127    0.8891     0.923    0.6771   0.02381   0.01501  0.001832
     66/99     3.13G   0.02945   0.01909  0.002623   0.05115       104       640    0.9469    0.8661    0.9219    0.6697   0.02356   0.01538  0.001733
     67/99     3.13G    0.0297   0.01948  0.002558   0.05174       115       640    0.9436    0.8678    0.9131    0.6602   0.02334   0.01514  0.001507
     68/99     3.13G   0.02933   0.01988  0.002493    0.0517        98       640    0.9559    0.8515    0.9196    0.6742   0.02393   0.01495  0.001757
     69/99     3.13G   0.02803   0.01869  0.002364   0.04909        89       640    0.9464    0.8731    0.9141    0.6919   0.02296    0.0146  0.001734
     70/99     3.13G   0.02816   0.01837  0.002536   0.04906       122       640    0.9558    0.8754    0.9226    0.6866   0.02328   0.01496  0.001609
     71/99     3.13G   0.02794   0.01926  0.002096    0.0493       155       640    0.9431    0.8829    0.9263    0.6851   0.02288   0.01432  0.001683
     72/99     3.13G   0.02788   0.01891  0.002373   0.04916        89       640    0.9555    0.8748    0.9305    0.6968   0.02259   0.01422  0.001583
     73/99     3.13G   0.02717   0.01959  0.002365   0.04913       107       640    0.9413    0.8821    0.9307    0.7004   0.02269   0.01411  0.001746
     74/99     3.13G   0.02677    0.0191  0.002298   0.04817       118       640    0.9211    0.9071    0.9329    0.7001   0.02172   0.01414  0.001647
     75/99     3.13G   0.02772   0.01998  0.002325   0.05003       159       640     0.937    0.8864    0.9268    0.6959   0.02279   0.01469  0.001642
     76/99     3.13G   0.02758   0.01827  0.002305   0.04816        75       640    0.9273    0.8646    0.9145    0.6903   0.02314   0.01543  0.001985
     77/99     3.13G   0.02668   0.01782  0.002271   0.04677       102       640    0.9509    0.8643    0.9266    0.6939   0.02249   0.01472  0.001501
     78/99     3.13G   0.02749     0.018  0.002332   0.04782        77       640    0.9474    0.8703    0.9313    0.6903    0.0222   0.01514  0.001312
     79/99     3.13G   0.02707   0.01856   0.00232   0.04796       131       640    0.9206    0.8961    0.9389    0.6958   0.02185   0.01454  0.001345
     80/99     3.13G   0.02639   0.01854  0.002302   0.04722       119       640    0.9442    0.8856    0.9289    0.6968   0.02178   0.01468  0.001398
     81/99     3.13G   0.02632   0.01752  0.002326   0.04616        93       640     0.948    0.8819    0.9297    0.6998   0.02234   0.01509  0.001703
     82/99     3.13G   0.02562   0.01866  0.002175   0.04645        99       640    0.9776    0.8546    0.9256    0.7092   0.02136   0.01415   0.00144
     83/99     3.13G   0.02608   0.01791  0.002307    0.0463        85       640    0.9799    0.8525    0.9282    0.7051    0.0214   0.01383   0.00146
     84/99     3.13G   0.02687   0.01787  0.002592   0.04733       100       640    0.9593    0.8831    0.9339    0.7115   0.02114   0.01346  0.001459
     85/99     3.13G   0.02588   0.01781  0.002266   0.04595        93       640     0.971    0.8487    0.9214     0.705   0.02178   0.01403  0.001424
     86/99     3.13G   0.02552   0.01778  0.002218   0.04552       114       640     0.947     0.888    0.9278     0.697   0.02224    0.0139   0.00159
     87/99     3.13G    0.0257   0.01762  0.002212   0.04553       120       640    0.9598     0.874    0.9321    0.7086   0.02137   0.01379  0.001482
     88/99     3.13G   0.02475   0.01714  0.001929   0.04382        87       640    0.9466    0.8959    0.9405    0.7176   0.02082   0.01354  0.001288
     89/99     3.13G   0.02583   0.01746  0.002402   0.04568       112       640    0.9432    0.8916    0.9376    0.7178   0.02111   0.01365  0.001503
     90/99     3.13G   0.02465   0.01728  0.002088   0.04402       102       640    0.9513    0.8715    0.9374    0.7155   0.02135   0.01373  0.001526
     91/99     3.13G   0.02487   0.01783  0.002111   0.04481        96       640    0.9428    0.8904    0.9357    0.7236   0.02058   0.01335  0.001376
     92/99     3.13G   0.02421   0.01678  0.002144   0.04314        96       640     0.955    0.8755    0.9323    0.7227   0.02093   0.01347  0.001573
     93/99     3.13G   0.02375   0.01624  0.001903   0.04189       121       640    0.9324    0.8949    0.9323    0.7238   0.02071   0.01369  0.001413
     94/99     3.13G   0.02482   0.01628  0.002208   0.04331        93       640     0.955    0.8922    0.9417    0.7285   0.02057    0.0136  0.001304
     95/99     3.13G    0.0244   0.01744  0.002113   0.04395       108       640    0.9686    0.8809    0.9392    0.7256   0.02074   0.01349   0.00154
     96/99     3.13G   0.02464   0.01664  0.002116    0.0434        88       640    0.9409    0.8945    0.9346    0.7228   0.02096   0.01363  0.001422
     97/99     3.13G   0.02418    0.0171  0.002013   0.04329        68       640    0.9678    0.8712    0.9335    0.7227   0.02062   0.01363  0.001212
     98/99     3.13G    0.0248   0.01764  0.002135   0.04458        99       640    0.9377    0.8914    0.9312    0.7316   0.02068    0.0137  0.001566
     99/99     3.13G   0.02416   0.01657  0.002044   0.04277        74       640    0.9473    0.8868    0.9364    0.7296   0.02047   0.01367  0.001605
