      0/99     3.06G    0.1166   0.05085   0.02816    0.1956        48       640 0.0005892    0.1182 0.0002356 3.541e-05   0.09944   0.04752   0.02621
      1/99     3.15G    0.1093   0.05232   0.02623    0.1879        51       640  0.000404   0.08108 7.102e-05 1.154e-05   0.09743   0.04764   0.02522
      2/99     3.15G    0.1064   0.05375   0.02488     0.185        58       640 0.0005403    0.1081 0.0001203 1.916e-05   0.09723    0.0473   0.02451
      3/99     3.15G    0.1029   0.05801   0.02409     0.185        42       640    0.0078  0.003378 0.0002172 3.556e-05    0.1179   0.04319   0.03773
      4/99     3.15G    0.1024   0.05852   0.02354    0.1845        47       640   0.00224  0.003378 0.0001787 2.171e-05    0.1109   0.04617   0.03121
      5/99     3.15G    0.1018     0.056   0.02315    0.1809        90       640  0.005259   0.01351 0.0004198 5.618e-05     0.108   0.04506   0.02919
      6/99     3.15G    0.1013   0.05539   0.02287    0.1796        36       640  0.001847   0.01136 0.0003467 5.502e-05    0.1031   0.04258   0.02322
      7/99     3.15G     0.101   0.05695   0.02219    0.1801        44       640    0.0131   0.07162  0.005547 0.0007858   0.09647   0.04503   0.02215
      8/99     3.15G    0.0988   0.05496    0.0217    0.1755        25       640    0.1031   0.06966   0.02498  0.003895   0.09337   0.04347   0.02127
      9/99     3.15G   0.09432   0.05506   0.02021    0.1696       119       640    0.0662    0.1549   0.02375  0.004635   0.09544   0.08059   0.02405
     10/99     3.15G   0.08914   0.04799   0.01917    0.1563        50       640   0.08084    0.2646   0.03973    0.0071   0.08865   0.05323   0.02023
     11/99     3.24G   0.08499   0.04792   0.01801    0.1509        55       640   0.07626    0.1475   0.03446  0.008999   0.08471   0.08659   0.02022
     12/99     3.24G   0.08286   0.05055   0.01646    0.1499       100       640    0.2944    0.3945     0.259   0.06097   0.07375   0.04487   0.01455
     13/99     3.24G   0.07905   0.04918   0.01355    0.1418        84       640    0.3668    0.3941    0.2942    0.1173   0.07327   0.03726   0.01248
     14/99     3.24G   0.08038   0.04464   0.01252    0.1375        47       640    0.2085    0.1398   0.08636   0.02587   0.08249    0.0654   0.01439
     15/99     3.24G   0.07894   0.04615   0.01051    0.1356        40       640    0.3232    0.4588    0.2833   0.08831   0.07297   0.03255  0.008789
     16/99     3.24G   0.07638   0.04293   0.01012    0.1294        38       640    0.3614     0.311       0.2   0.05575   0.07729   0.05555   0.01333
     17/99     3.24G   0.07277   0.04416  0.008808    0.1257        53       640     0.434    0.4515    0.3422    0.1062    0.0628   0.03922   0.00741
     18/99     3.24G   0.07138    0.0432  0.008163    0.1227        51       640    0.4419    0.4658     0.359    0.1045   0.06564   0.03577  0.007255
     19/99     3.24G   0.06957   0.04283  0.007517    0.1199        47       640    0.4617    0.5381    0.4113    0.1358   0.06234   0.03396   0.00677
     20/99     3.24G   0.06565   0.04006  0.006446    0.1122        38       640    0.5759    0.5793    0.5631    0.2006   0.05684   0.03079  0.004864
     21/99     3.24G   0.06602   0.03974   0.00704    0.1128        73       640    0.3077    0.4555    0.2526   0.08628   0.06654   0.03839  0.006793
     22/99     3.24G    0.0645   0.04088  0.006795    0.1122        15       640    0.5885     0.466    0.4548    0.1622   0.06137   0.03318   0.00914
     23/99     3.24G   0.06604   0.04286  0.006492    0.1154        77       640    0.6674     0.502    0.5224    0.1872   0.05379   0.02998  0.005036
     24/99     3.24G   0.06574   0.04065  0.005862    0.1122        50       640    0.5021     0.412    0.2974   0.09151   0.07056   0.03642  0.007316
     25/99     3.24G   0.06428   0.03892  0.005382    0.1086        28       640    0.6723    0.5846    0.5565    0.1621   0.05719   0.02684  0.004147
     26/99     3.24G   0.06231   0.03793  0.005378    0.1056        60       640    0.4774    0.4667    0.4012      0.15   0.05767   0.03701   0.00685
     27/99     3.24G   0.05737   0.03757  0.005195    0.1001        69       640    0.4536    0.3042    0.2439   0.09499   0.07237   0.04415    0.0132
     28/99     3.24G   0.05364   0.03641  0.004402   0.09445        36       640    0.7089    0.7261    0.6887    0.2895   0.04344   0.02469  0.003611
     29/99     3.24G   0.05214   0.03736  0.004261   0.09376       129       640    0.8116    0.6754    0.7517    0.3305   0.04156   0.02534  0.003744
     30/99     3.24G    0.0527   0.03147  0.004268   0.08843        28       640    0.8384    0.6126    0.6924    0.2958    0.0443   0.02664  0.003988
     31/99     3.24G   0.05312   0.03499  0.004057   0.09217       105       640    0.8368    0.7409    0.7981    0.3888   0.04004   0.02497  0.003277
     32/99     3.24G   0.04958   0.03658  0.003895   0.09006        80       640    0.9155    0.7455    0.8262    0.4573    0.0389   0.02159  0.003062
     33/99     3.24G   0.04871   0.03423  0.003985   0.08693        42       640    0.9171    0.7528    0.8392    0.4943   0.03621   0.02262  0.003374
     34/99     3.24G   0.04538   0.03121  0.003393   0.07999        77       640    0.8539    0.7525    0.8161    0.4318   0.03848   0.02264  0.003457
     35/99     3.24G   0.04764   0.03202  0.003593   0.08325        81       640    0.9333    0.7449    0.8388    0.4627   0.04057   0.02189  0.003269
     36/99     3.24G   0.04476   0.03275   0.00337   0.08087        83       640    0.9123    0.7848    0.8515     0.497   0.03332    0.0208  0.003242
     37/99     3.24G   0.04173   0.03041  0.003036   0.07518        70       640     0.898     0.785    0.8484    0.4856   0.03647   0.02184  0.002867
     38/99     3.24G   0.04026   0.02854  0.003493   0.07229        54       640    0.9323    0.7834    0.8591    0.5193    0.0319   0.01957  0.002461
     39/99     3.24G   0.04429    0.0309   0.00299   0.07818        79       640     0.886    0.7847     0.837    0.4971   0.03535   0.02168  0.002662
     40/99     3.24G   0.04273   0.02824  0.002942   0.07391        33       640     0.919    0.8267     0.869    0.5328   0.03287   0.02043    0.0025
     41/99     3.24G   0.03859   0.02855  0.002919   0.07006        59       640    0.9162    0.7836    0.8321    0.5003   0.03347   0.02021  0.002961
     42/99     3.24G   0.04106   0.02944  0.002905   0.07341        69       640    0.8653     0.797    0.8336    0.4827   0.03375   0.02015  0.002874
     43/99     3.24G   0.03982   0.02841  0.002905   0.07114        43       640    0.9236    0.8237    0.8713    0.5403   0.02996   0.01884  0.002805
     44/99     3.24G   0.03744   0.02832  0.002591   0.06835        37       640    0.8333     0.625    0.6771    0.3605   0.04418   0.02807  0.006761
     45/99     3.24G   0.03724   0.02815  0.002788   0.06818        34       640    0.7921    0.6052     0.644    0.3896   0.04157   0.02858  0.007106
     46/99     3.24G   0.03681   0.02685  0.002863   0.06651        27       640    0.9222    0.8056    0.8538      0.51   0.03017   0.02066  0.002528
     47/99     3.24G   0.03612   0.02598  0.002444   0.06455        77       640    0.9326    0.8365    0.8764    0.5706   0.02841   0.01895  0.002363
     48/99     3.24G   0.03575   0.02763  0.002491   0.06587        49       640    0.9521    0.8169    0.8696    0.5807   0.02719   0.01821  0.002476
     49/99     3.24G   0.03562   0.02722  0.002643   0.06548        54       640    0.9649    0.8345    0.8913    0.6034   0.02704   0.01804  0.002311
     50/99     3.24G   0.03624   0.02964  0.002582   0.06846        83       640    0.9687    0.8247    0.8835    0.5909   0.02717   0.01764  0.002075
     51/99     3.24G   0.03577   0.02609  0.002538    0.0644        59       640    0.9724    0.8175    0.8832    0.5617    0.0313   0.01851  0.002227
     52/99     3.24G   0.03527   0.02507   0.00256    0.0629        20       640    0.9573    0.8215    0.8832    0.5777   0.02898    0.0179  0.002309
     53/99     3.24G    0.0345   0.02955  0.002392   0.06644        63       640    0.9266    0.8622    0.8968    0.6111   0.02545   0.01765  0.002295
     54/99     3.24G   0.03167   0.02729  0.002244   0.06121        38       640    0.9503    0.8594    0.8978    0.6129   0.02635   0.01709  0.002113
     55/99     3.24G   0.03464   0.02628  0.002583    0.0635        41       640    0.9558    0.8617    0.8896    0.5886   0.02734    0.0172  0.002023
     56/99     3.24G   0.03204   0.02619  0.002504   0.06074        76       640    0.9318    0.8681    0.8948    0.6171   0.02602    0.0171  0.002003
     57/99     3.24G   0.03094   0.02446  0.002457   0.05785        89       640    0.9334    0.8586    0.8954     0.606   0.02619    0.0172  0.001838
     58/99     3.24G   0.03141   0.02661  0.002312   0.06033        66       640    0.9389    0.8744    0.9062    0.6342    0.0234   0.01625  0.001959
     59/99     3.24G   0.03042   0.02502  0.002131   0.05757        32       640    0.9307    0.8683    0.8932    0.6288   0.02479   0.01673  0.001887
     60/99     3.24G   0.03063   0.02435  0.002214    0.0572        22       640    0.9337    0.8502     0.882    0.6139   0.02643   0.01727  0.001938
     61/99     3.24G   0.03245   0.02462  0.002464   0.05954        36       640    0.9474      0.83    0.8901    0.6231   0.02366   0.01683  0.002218
     62/99     3.24G   0.03064   0.02423  0.002237    0.0571        22       640    0.9436    0.8459    0.8973    0.6369   0.02524   0.01631  0.001951
     63/99     3.24G   0.02974   0.02371  0.002277   0.05573        54       640    0.9606    0.8693    0.9006    0.6343   0.02362   0.01579  0.001886
     64/99     3.24G   0.02908   0.02335  0.002214   0.05465        63       640    0.9616    0.8712    0.9079    0.6568   0.02354   0.01607  0.001984
     65/99     3.24G      0.03   0.02547  0.002202   0.05767       164       640    0.9621     0.871    0.9121    0.6543   0.02289   0.01586   0.00186
     66/99     3.24G   0.02916   0.02342  0.002168   0.05475        31       640    0.9638    0.8408    0.9026     0.651   0.02309   0.01611  0.001848
     67/99     3.24G   0.02815   0.02415  0.002099    0.0544        47       640    0.9594    0.8641    0.9064    0.6523   0.02259   0.01535  0.001799
     68/99     3.24G   0.02702   0.02477  0.002004   0.05379        83       640    0.9393    0.8627    0.8965    0.6634   0.02193   0.01598  0.002004
     69/99     3.24G   0.02748   0.02398  0.002192   0.05365        58       640     0.964    0.8527    0.8989    0.6626   0.02263   0.01664  0.001948
     70/99     3.24G   0.02841   0.02422   0.00199   0.05462        44       640    0.9603    0.8631    0.9036    0.6782   0.02248   0.01572  0.001964
     71/99     3.24G   0.02747   0.02248  0.002165   0.05212        49       640    0.9572    0.8671    0.8947    0.6652    0.0218   0.01572  0.002064
     72/99     3.24G   0.02722   0.02267  0.002172   0.05206        14       640    0.9661     0.854    0.9063    0.6694   0.02173   0.01528  0.001898
     73/99     3.24G   0.02636   0.02308  0.001968   0.05141        26       640    0.9377    0.8646    0.9093    0.6735   0.02217   0.01524  0.001942
     74/99     3.24G   0.02642   0.02117  0.001938   0.04953        47       640    0.9353    0.8761    0.9045    0.6523   0.02274   0.01583  0.001874
     75/99     3.24G   0.02667   0.02108   0.00206    0.0498        49       640    0.9574    0.8629    0.8935    0.6593   0.02214   0.01565  0.001789
     76/99     3.24G    0.0258   0.02276  0.001948   0.05051        29       640    0.9541    0.8655    0.9116    0.6758   0.02103   0.01486  0.001805
     77/99     3.24G   0.02532   0.02121  0.001938   0.04847        25       640    0.9656    0.8635     0.903    0.6858   0.02085   0.01496  0.001597
     78/99     3.24G   0.02498   0.02274  0.001856   0.04957        43       640    0.9503    0.8724    0.9055    0.6855    0.0212   0.01503  0.001722
     79/99     3.24G   0.02471   0.02206   0.00184   0.04862        53       640    0.9633    0.8664    0.9213    0.6901   0.02035   0.01461  0.001656
     80/99     3.24G   0.02474   0.02304  0.001834   0.04962        51       640    0.9576    0.8733    0.9156    0.6879   0.02083   0.01478  0.001726
     81/99     3.24G   0.02488   0.02141  0.001848   0.04814        69       640    0.9621    0.8721    0.9137    0.6957   0.02064   0.01525  0.001839
     82/99     3.24G   0.02372   0.02147  0.001869   0.04706        21       640    0.9636    0.8742    0.9164    0.6893   0.02046   0.01459  0.001693
     83/99     3.24G   0.02381   0.02172  0.001833   0.04737        75       640     0.954    0.8781    0.9108    0.6994   0.01993   0.01467    0.0017
     84/99     3.24G   0.02369   0.02178  0.001793   0.04727        46       640    0.9763    0.8598    0.9134    0.6944    0.0203   0.01444   0.00165
     85/99     3.24G   0.02366   0.02045  0.001794    0.0459        48       640     0.972    0.8665    0.9152    0.6967   0.02015    0.0146  0.001682
     86/99     3.24G   0.02404   0.02038  0.001683    0.0461        46       640    0.9528    0.8734    0.9147    0.6948   0.02035   0.01481  0.001717
     87/99     3.24G   0.02398   0.02098  0.001798   0.04676        41       640    0.9458    0.8808    0.9098    0.6889   0.02002   0.01441  0.001618
     88/99     3.24G   0.02356   0.02124  0.001915   0.04672        41       640    0.9668    0.8711    0.9098    0.6948   0.01973   0.01415  0.001749
     89/99     3.24G   0.02343    0.0215  0.001764    0.0467        37       640    0.9639    0.8757    0.9178    0.7038   0.01958   0.01424    0.0016
     90/99     3.24G   0.02336   0.01985  0.001621   0.04483        43       640    0.9678    0.8616    0.9156     0.705   0.01935   0.01412  0.001444
     91/99     3.24G   0.02313   0.02299  0.001637   0.04776       112       640    0.9462    0.8867    0.9189    0.7074   0.01968   0.01417  0.001357
     92/99     3.24G    0.0236     0.021  0.001946   0.04655        37       640    0.9491    0.8735    0.9162    0.7014   0.01995   0.01452  0.001436
     93/99     3.25G   0.02306    0.0199  0.001761   0.04471        44       640    0.9751    0.8564    0.9191    0.6995   0.01997   0.01454  0.001451
     94/99     3.25G   0.02337   0.02129  0.001836    0.0465        24       640    0.9456    0.8785    0.9159    0.7051   0.01923   0.01409  0.001366
     95/99     3.25G   0.02411   0.02146  0.001908   0.04748        17       640     0.963    0.8598    0.9156     0.713   0.01923   0.01422  0.001426
     96/99     3.25G   0.02302    0.0204  0.001895   0.04531        36       640    0.9708    0.8632    0.9149    0.6947    0.0198   0.01463  0.001447
     97/99     3.25G   0.02297   0.02047  0.001595   0.04503        59       640    0.9434    0.8678    0.9098    0.6979   0.01981   0.01424  0.001466
     98/99     3.25G   0.02263   0.02221  0.001693   0.04654        23       640    0.9468    0.8695    0.9078    0.6995   0.01973   0.01497  0.001529
     99/99     3.25G   0.02257   0.01988  0.001642    0.0441        30       640    0.9477    0.8794    0.9195    0.7086   0.01915   0.01421  0.001236
