      0/99     2.85G    0.1224   0.03234   0.02813    0.1828        29       416 0.0006229     0.125 0.0002048 3.749e-05    0.1095   0.03039   0.02591
      1/99      2.9G    0.1155   0.03589   0.02577    0.1771        43       416    0.5008    0.1047  0.000214 3.541e-05    0.1077   0.03111   0.02468
      2/99      2.9G    0.1136   0.03836   0.02423    0.1762        44       416 0.0009583     0.125 0.0003415  5.52e-05    0.1069   0.03144   0.02384
      3/99      2.9G    0.1123   0.03733   0.02323    0.1729        60       416     0.501    0.1318 0.0003758 6.591e-05    0.1064   0.03164   0.02318
      4/99      2.9G    0.1119   0.03812   0.02226    0.1722        38       416   0.02627  0.006757  0.001087 0.0001414    0.1068    0.0314   0.02286
      5/99      2.9G    0.1117   0.03686   0.02215    0.1707        88       416  0.007591  0.003378 0.0005005 8.779e-05     0.109    0.0305   0.02254
      6/99      2.9G     0.111   0.03809   0.02184    0.1709        54       416  0.001574    0.1526 0.0004127 7.929e-05    0.1093    0.0373   0.02405
      7/99      2.9G    0.1111   0.03859   0.02143    0.1711        68       416  0.002379    0.1486 0.0003459 6.408e-05    0.1104   0.02985   0.02462
      8/99      2.9G    0.1107   0.03794   0.02091    0.1696        49       416  0.003453    0.1743 0.0006068 0.0001103    0.1097   0.03046    0.0229
      9/99      2.9G    0.1101   0.03954   0.02088    0.1705        38       416    0.0169   0.04285  0.002672 0.0004885    0.1106   0.02883   0.02294
     10/99      2.9G     0.108   0.03866   0.02024    0.1669        26       416    0.0477   0.08088  0.008943  0.001831    0.1049   0.02913   0.02129
     11/99      2.9G    0.1047   0.03642   0.01995    0.1611        29       416   0.05719    0.1555   0.02121  0.004083    0.1055   0.02681   0.02498
     12/99      2.9G    0.1015   0.03845   0.01879    0.1587        92       416    0.1302    0.1487   0.03739  0.008569   0.09676    0.0308   0.02177
     13/99      2.9G   0.09649   0.03719   0.01806    0.1517        22       416    0.3068    0.1924    0.1232   0.02817   0.08841   0.03006   0.01821
     14/99      2.9G   0.09446   0.03619   0.01666    0.1473        57       416    0.1949    0.3107    0.1224   0.02609    0.0891   0.03478   0.01611
     15/99      2.9G   0.09113   0.03517   0.01585    0.1421        35       416    0.1956    0.1488   0.06772   0.01694   0.09095   0.04493   0.01611
     16/99      2.9G   0.08846   0.03519    0.0145    0.1382        67       416    0.1145   0.07493   0.02836  0.007098   0.09673   0.08081   0.01665
     17/99      2.9G   0.08418   0.03505   0.01255    0.1318        45       416    0.4869    0.4487    0.3823    0.1362   0.07108   0.02633  0.009678
     18/99      2.9G   0.08327   0.03632   0.01154    0.1311        77       416    0.3356    0.3901    0.2327   0.05613   0.08105   0.03161   0.01022
     19/99      2.9G   0.08057   0.03179    0.0104    0.1228        48       416    0.4798    0.4481    0.3831    0.1437   0.06945   0.02873  0.009562
     20/99      2.9G   0.07899   0.03328   0.01018    0.1224        64       416    0.3498    0.4767    0.2836    0.0782    0.0708   0.02976  0.008256
     21/99      2.9G   0.07574   0.03416  0.009201    0.1191        83       416    0.5163    0.5248    0.4358    0.1249   0.06503   0.02559   0.00701
     22/99      2.9G   0.07434    0.0326  0.009697    0.1166        45       416    0.1744     0.137   0.07644    0.0283    0.1174   0.02304   0.03874
     23/99      2.9G   0.08161   0.03432   0.01131    0.1272        45       416    0.3423    0.2045    0.1397   0.04413   0.08914   0.03268   0.01796
     24/99      2.9G   0.07803   0.03403   0.01041    0.1225        61       416    0.5148    0.2735    0.2678   0.08681   0.07811   0.02995   0.01374
     25/99      2.9G   0.07365   0.03158  0.008571    0.1138        57       416    0.5357    0.4368    0.3774    0.1336   0.07103    0.0256  0.008053
     26/99      2.9G   0.07243   0.03374  0.008576    0.1147        50       416    0.5056    0.4782    0.4103    0.1451   0.06647   0.02578  0.007572
     27/99      2.9G    0.0701    0.0307  0.008398    0.1092        59       416     0.573    0.5587    0.5131    0.2102    0.0585   0.02286  0.006361
     28/99      2.9G   0.06804   0.03236  0.007951    0.1084        64       416    0.6211    0.5626    0.5523    0.1973   0.06046   0.02241  0.006735
     29/99      2.9G   0.06578   0.03223  0.007257    0.1053        27       416    0.6695    0.5392    0.5443    0.2332   0.06245   0.02277  0.006898
     30/99      2.9G   0.06606   0.03205  0.007412    0.1055        93       416    0.5199    0.4524    0.3969    0.1215   0.06632    0.0283  0.008716
     31/99      2.9G   0.06344   0.03088  0.007023    0.1014        60       416    0.7275     0.596     0.642    0.2728   0.05709    0.0222  0.005586
     32/99      2.9G   0.06051   0.02664  0.006592   0.09375        25       416    0.7332    0.6732    0.6915     0.344    0.0492   0.02075  0.005485
     33/99      2.9G   0.05816   0.02831  0.006541   0.09302        51       416    0.8307    0.6759    0.7153    0.3766   0.04653    0.0209  0.005199
     34/99      2.9G   0.05795   0.03035  0.005948   0.09425        45       416    0.8465    0.6609    0.7221    0.3776   0.04474   0.02003   0.00513
     35/99      2.9G   0.05902   0.02701  0.005843   0.09187        31       416     0.871    0.6839    0.7459    0.4039   0.04497   0.01908  0.004555
     36/99      2.9G   0.05553   0.02744   0.00582   0.08879       104       416      0.88    0.6916    0.7512    0.4169   0.04509    0.0185  0.004989
     37/99      2.9G   0.05484   0.02753  0.005839   0.08821        78       416    0.8893    0.6493    0.7348    0.4035   0.04367    0.0199  0.005011
     38/99      2.9G   0.05406   0.02646  0.005763   0.08629        39       416    0.8844    0.6794    0.7421    0.4271   0.04386   0.01942  0.004828
     39/99      2.9G   0.05219    0.0274  0.005576   0.08516        31       416    0.8776    0.6925     0.767    0.4169   0.04093   0.01833  0.004123
     40/99      2.9G   0.05274   0.02519  0.005401   0.08333        52       416    0.9052    0.7004    0.7793    0.4494   0.04089   0.01872  0.004439
     41/99      2.9G   0.05033   0.02577  0.005189   0.08129        72       416    0.9043    0.6898    0.7841    0.4616   0.03868   0.01827  0.004473
     42/99      2.9G   0.05023   0.02253  0.005353   0.07811        51       416    0.9009    0.7048    0.7811    0.4519    0.0414   0.01837  0.004662
     43/99      2.9G   0.05085   0.02503  0.005096   0.08098        39       416    0.9559    0.6623    0.7522     0.392    0.0455   0.01802  0.004273
     44/99      2.9G   0.05054   0.02599  0.005052   0.08158        94       416    0.9227    0.7329    0.8061    0.4918   0.03792   0.01757  0.004216
     45/99      2.9G   0.04791    0.0248  0.004711   0.07742        51       416    0.9317    0.7249    0.8143    0.4965   0.03716   0.01691  0.004312
     46/99      2.9G   0.04864   0.02561  0.004716   0.07897        70       416    0.9248      0.72    0.7981    0.4639   0.03963   0.01762  0.004618
     47/99      2.9G    0.0468   0.02304  0.004738   0.07457        49       416    0.9353     0.728     0.814    0.4862   0.03722   0.01628  0.004133
     48/99      2.9G   0.04707   0.02505  0.004598   0.07672        51       416    0.9225    0.7205    0.8149    0.5091   0.03664   0.01755  0.004113
     49/99      2.9G   0.04642   0.02469  0.004842   0.07595        54       416    0.8971    0.7442    0.8035    0.5057   0.03668   0.01661  0.004128
     50/99      2.9G   0.04635    0.0242   0.00481   0.07536        47       416    0.9294    0.7277     0.811    0.4845   0.03748   0.01642  0.003655
     51/99      2.9G   0.04673   0.02498  0.004837   0.07654        46       416    0.9196    0.7722    0.8464    0.5334   0.03456   0.01619  0.003411
     52/99      2.9G   0.04537   0.02249  0.004535   0.07239        26       416    0.8734    0.6248    0.6977     0.427    0.0437   0.02465  0.005908
     53/99      2.9G   0.04392   0.02419  0.004352   0.07246        58       416    0.9322     0.694    0.7957    0.5071   0.03646   0.01792  0.004723
     54/99      2.9G   0.04359   0.02308  0.004381   0.07106        58       416    0.9315    0.7731    0.8332    0.5329    0.0348   0.01522  0.003461
     55/99      2.9G   0.04211   0.02204  0.004458    0.0686        42       416    0.9102    0.7644    0.8228    0.5135   0.03681   0.01635  0.004042
     56/99      2.9G   0.04371   0.02281  0.004349   0.07087        64       416    0.9206    0.7696    0.8402    0.5397   0.03362   0.01537  0.003327
     57/99      2.9G   0.04296   0.02261  0.004375   0.06994        40       416    0.9321    0.7562    0.8442    0.5087   0.03704   0.01616  0.003687
     58/99      2.9G   0.04178   0.02274  0.004212   0.06873        21       416    0.8999    0.7872    0.8494     0.561   0.03251   0.01496  0.003116
     59/99      2.9G   0.04116    0.0212  0.004322   0.06668        24       416    0.9442    0.7805     0.854    0.5634   0.03248   0.01461  0.003633
     60/99      2.9G   0.04108   0.02142  0.004409   0.06691        72       416    0.9348    0.7893     0.844    0.5741   0.03256   0.01435  0.003369
     61/99      2.9G   0.04105   0.02096  0.004298   0.06631        29       416    0.9126    0.8005    0.8502    0.5807   0.03179   0.01428  0.003288
     62/99      2.9G   0.04038   0.02266  0.004507   0.06755        53       416    0.9509    0.7924     0.855    0.5903   0.03098   0.01402  0.003186
     63/99      2.9G   0.04074   0.02134  0.004276   0.06636        46       416    0.8874    0.8394    0.8593    0.5785   0.03231   0.01441  0.003024
     64/99      2.9G   0.04003   0.02216  0.003965   0.06616        56       416    0.9519    0.7719    0.8521    0.5828   0.03096   0.01439  0.003265
     65/99      2.9G   0.04041   0.02149   0.00437   0.06627        44       416    0.9055    0.7872    0.8398    0.5787   0.03188   0.01535  0.003793
     66/99      2.9G   0.03886   0.02153  0.004003    0.0644        53       416    0.9012    0.7855    0.8257    0.5554   0.03289   0.01578  0.004152
     67/99      2.9G   0.03909   0.02131  0.004063   0.06446        40       416    0.9275    0.7786    0.8594    0.5849   0.03064   0.01461  0.003013
     68/99      2.9G   0.03803   0.02087  0.004145   0.06305        46       416    0.9353    0.7838    0.8566    0.5928   0.03004    0.0147  0.003011
     69/99      2.9G   0.03753   0.01922  0.003864   0.06061        12       416    0.9387    0.7907    0.8542    0.5937   0.03044    0.0149   0.00325
     70/99      2.9G   0.03744   0.02127  0.003838   0.06255        91       416    0.9055    0.7728    0.8359    0.5625   0.03328   0.01593  0.003677
     71/99      2.9G   0.03724   0.02119  0.003876   0.06231        35       416    0.9487    0.8019    0.8549    0.5975   0.03055   0.01401  0.003283
     72/99      2.9G   0.03694   0.02083  0.004005   0.06177        42       416    0.9407    0.8206    0.8736    0.6054   0.03005   0.01377  0.002946
     73/99      2.9G   0.03787   0.02051  0.003862   0.06224        67       416     0.934    0.8232    0.8575    0.6003   0.03055   0.01389  0.002951
     74/99      2.9G   0.03723   0.02011  0.004045   0.06138        31       416    0.9228    0.8222    0.8655    0.6087   0.02983   0.01388  0.003077
     75/99      2.9G   0.03748   0.01962  0.004328   0.06143        52       416    0.9375    0.8188    0.8632     0.611   0.02946   0.01372  0.003287
     76/99      2.9G   0.03706   0.02053  0.004114    0.0617        35       416    0.9376    0.8381    0.8769    0.6084   0.02937   0.01374  0.003488
     77/99      2.9G   0.03639   0.01993  0.003898   0.06021        35       416    0.9621    0.8123    0.8734    0.6116   0.02967   0.01368  0.003042
     78/99      2.9G   0.03734   0.01869  0.003808   0.05984        28       416    0.9036    0.8358     0.873    0.6118   0.02922   0.01375  0.003167
     79/99      2.9G   0.03538   0.02015  0.003577   0.05911        89       416    0.9274    0.8307    0.8748    0.6236   0.02908   0.01345  0.003244
     80/99      2.9G   0.03638   0.02066   0.00397     0.061        80       416    0.9371    0.8364    0.8771    0.6246    0.0289   0.01339  0.003117
     81/99      2.9G   0.03603   0.01971   0.00377   0.05951        23       416    0.9456    0.8424    0.8805     0.608   0.02998   0.01325  0.003031
     82/99      2.9G   0.03572   0.02133  0.003675   0.06072        43       416    0.9511    0.8397    0.8853    0.6344   0.02896   0.01337  0.002686
     83/99      2.9G   0.03569   0.01942  0.004035   0.05914        10       416    0.9432    0.8445    0.8844    0.6298   0.02866   0.01328  0.002528
     84/99      2.9G    0.0354   0.01915  0.003861   0.05842        29       416    0.9281    0.8457    0.8786    0.6388   0.02841   0.01321  0.003052
     85/99      2.9G   0.03609      0.02  0.003769   0.05985        67       416    0.9417    0.8228    0.8817     0.636   0.02826   0.01307  0.003142
     86/99      2.9G   0.03503   0.01904  0.003667   0.05774        78       416    0.9165    0.8478    0.8806    0.6342   0.02825   0.01341  0.002818
     87/99      2.9G   0.03307   0.01882  0.003431   0.05531        82       416    0.9339    0.8379    0.8775    0.6334   0.02757   0.01274  0.002972
     88/99      2.9G   0.03538   0.02101  0.004018   0.06041        84       416    0.9658    0.8203    0.8715    0.6323   0.02778   0.01318  0.003082
     89/99      2.9G   0.03458    0.0201   0.00352    0.0582        54       416    0.9428    0.8238    0.8785     0.629   0.02824    0.0137   0.00265
     90/99      2.9G   0.03463   0.02032  0.003985   0.05894        37       416    0.9359    0.8167    0.8775    0.6246   0.02817   0.01374  0.002842
     91/99      2.9G   0.03372   0.02158  0.003485   0.05879       173       416    0.9429    0.8293    0.8768    0.6293   0.02812   0.01298  0.002912
     92/99      2.9G   0.03362   0.01904  0.003801   0.05646        58       416    0.9256    0.8513    0.8854    0.6409   0.02733   0.01323  0.002479
     93/99      2.9G   0.03336   0.01912  0.003881   0.05637        62       416    0.9446    0.8335    0.8824    0.6436   0.02749   0.01278  0.002722
     94/99      2.9G   0.03316   0.01932  0.003795   0.05628        55       416    0.9246    0.8615    0.8812     0.639    0.0274   0.01318   0.00268
     95/99      2.9G   0.03405   0.02013   0.00358   0.05776        77       416    0.9431    0.8449    0.8861    0.6487   0.02676   0.01291  0.002602
     96/99      2.9G   0.03353   0.01879  0.003595   0.05591        25       416    0.9288    0.8356    0.8831      0.65   0.02682   0.01299  0.002616
     97/99      2.9G   0.03389   0.01932  0.003502   0.05671        69       416    0.9394    0.8436    0.8826    0.6458   0.02693   0.01284  0.002772
     98/99      2.9G   0.03379   0.01869  0.003812   0.05629        25       416    0.9343    0.8464    0.8809    0.6446   0.02695   0.01306  0.002901
     99/99      2.9G   0.03272   0.01958  0.003534   0.05583        32       416    0.9455    0.8288    0.8803    0.6389   0.02739   0.01344  0.003021
