      0/99     7.14G    0.1045   0.02965         0    0.1342        40       640  0.001145    0.2297 0.0002794 4.299e-05   0.09528   0.02221         0
      1/99     8.02G   0.09485   0.02832         0    0.1232        28       640  0.001145    0.2297  0.000317 5.553e-05    0.0932   0.02002         0
      2/99     8.02G   0.09466   0.02668         0    0.1213        31       640   0.00138     0.277 0.0005187 7.976e-05   0.09375   0.01864         0
      3/99     8.02G   0.09342   0.02584         0    0.1193        23       640  0.007754  0.006757 0.0006773 9.735e-05   0.09215   0.01832         0
      4/99     8.02G   0.09314   0.02643         0    0.1196        32       640  0.006623  0.006757  0.001085 0.0001703   0.09071   0.01802         0
      5/99     8.02G   0.09275   0.02554         0    0.1183        37       640  0.009113   0.06081  0.002753 0.0004379   0.08819   0.01828         0
      6/99     8.02G      0.09   0.02614         0    0.1161        15       640   0.03937    0.1081   0.01043  0.001558   0.08106   0.01938         0
      7/99     8.02G   0.08809   0.02675         0    0.1148        23       640   0.04022    0.2027   0.01509  0.003418    0.0809   0.02151         0
      8/99     8.02G   0.08623   0.02583         0    0.1121        28       640   0.08728    0.2568   0.03692  0.007974   0.07631   0.01871         0
      9/99     8.02G   0.08225   0.02541         0    0.1077        35       640    0.2221    0.3311    0.1096   0.02961   0.07064   0.01887         0
     10/99     8.02G   0.07985   0.02594         0    0.1058        35       640    0.1173    0.1216   0.03154   0.00845    0.0766   0.03212         0
     11/99     8.02G   0.08094   0.02407         0     0.105        25       640   0.07494    0.3378    0.0397  0.007273    0.0726    0.0305         0
     12/99     8.02G    0.0744    0.0248         0   0.09921        23       640    0.1597    0.3919    0.1039   0.02313     0.065   0.02787         0
     13/99     8.02G   0.07234   0.02236         0    0.0947        24       640    0.2426    0.3243    0.1325   0.03467   0.06844   0.01957         0
     14/99     8.02G   0.06795   0.02224         0   0.09019        27       640    0.6235    0.5878    0.5626    0.2314   0.05174   0.01689         0
     15/99     8.02G   0.06495   0.02225         0    0.0872        22       640      0.76    0.5811    0.6271    0.3195   0.04928    0.0174         0
     16/99     8.02G   0.06177   0.02228         0   0.08405        25       640    0.7278      0.56    0.6089    0.2612   0.05169   0.01588         0
     17/99     8.02G   0.05845   0.02144         0   0.07989        47       640    0.4381    0.3851    0.3478    0.1432   0.05631    0.0266         0
     18/99     8.02G   0.05898   0.02216         0   0.08114        30       640    0.3782    0.3165    0.2438    0.1173   0.05216   0.03296         0
     19/99     8.02G   0.05655   0.02086         0   0.07742        26       640    0.8389    0.6684     0.765    0.3705   0.04761   0.01541         0
     20/99     8.02G   0.05337   0.01971         0   0.07308        33       640    0.5239    0.4907    0.4517    0.2182   0.05405   0.02346         0
     21/99     8.02G   0.05182   0.01942         0   0.07124        24       640    0.7032    0.5135    0.5118    0.2062    0.0492   0.02258         0
     22/99     8.02G   0.04925   0.01976         0   0.06901        38       640   0.02859       0.5   0.02137  0.008753   0.05383   0.03693         0
     23/99     8.02G   0.04667   0.01976         0   0.06643        36       640    0.2655    0.1343    0.1096   0.05892   0.06637   0.03322         0
     24/99     8.02G   0.04367   0.01639         0   0.06006        28       640    0.7999    0.7024    0.7547    0.4325   0.04121   0.01405         0
     25/99     8.02G   0.04188   0.01669         0   0.05857        30       640    0.8866      0.75    0.8194    0.4842   0.03297   0.01096         0
     26/99     8.02G   0.04054   0.01693         0   0.05748        25       640    0.6916    0.6216    0.6373    0.3843    0.0406   0.01463         0
     27/99     8.02G   0.03825   0.01631         0   0.05456        26       640     0.831    0.4662    0.5697     0.287   0.04737   0.01629         0
     28/99     8.02G   0.03958   0.01582         0    0.0554        25       640    0.8613    0.7971    0.8585    0.5052   0.03148   0.01048         0
     29/99     8.02G   0.03685   0.01491         0   0.05176        31       640    0.9455    0.8243    0.8785    0.5887    0.0285  0.009551         0
     30/99     8.02G   0.03594   0.01556         0   0.05149        35       640    0.8881    0.8108    0.8778    0.6055    0.0342   0.01026         0
     31/99     8.02G   0.03511   0.01429         0   0.04939        32       640     0.851    0.6959    0.8144     0.499   0.03888   0.01152         0
     32/99     8.02G   0.03589   0.01537         0   0.05126        32       640     0.896    0.7567    0.8505    0.5492   0.02768   0.01026         0
     33/99     8.02G   0.03398   0.01426         0   0.04825        49       640    0.4535    0.2432    0.1792     0.106   0.05785   0.04602         0
     34/99     8.02G   0.03382     0.014         0   0.04783        29       640    0.5452    0.4455    0.4096    0.2639   0.04823   0.01924         0
     35/99     8.02G   0.03327   0.01402         0   0.04729        25       640    0.8403    0.6757    0.7875    0.5231   0.03385    0.0116         0
     36/99     8.02G   0.03313   0.01417         0    0.0473        30       640     0.888    0.8581    0.8981    0.6408    0.0256  0.009019         0
     37/99     8.02G   0.03111   0.01345         0   0.04456        26       640    0.8523    0.8581    0.8903    0.6231   0.02419   0.00952         0
     38/99     8.02G   0.03036    0.0134         0   0.04376        35       640    0.7854    0.7973    0.8449    0.6079   0.02647   0.01042         0
     39/99     8.02G    0.0287   0.01423         0   0.04293        33       640    0.8611    0.8376    0.8902    0.6604   0.02577  0.009343         0
     40/99     8.02G   0.02886   0.01266         0   0.04152        27       640    0.9252    0.8378     0.919    0.6886   0.02523  0.008639         0
     41/99     8.02G   0.02923   0.01265         0   0.04187        37       640    0.9154    0.8784    0.9319    0.6936   0.02221  0.008331         0
     42/99     8.02G   0.02796   0.01271         0   0.04067        25       640    0.9121    0.8446    0.9148    0.6797   0.02527  0.008751         0
     43/99     8.02G   0.02638   0.01211         0   0.03849        26       640    0.7361    0.7027    0.7437    0.5468   0.03234   0.01249         0
     44/99     8.02G    0.0288   0.01306         0   0.04186        47       640    0.8985    0.8378     0.903    0.6742    0.0254  0.008564         0
     45/99     8.02G   0.02576   0.01281         0   0.03857        26       640    0.8933    0.9054    0.9279    0.7091   0.02128  0.008436         0
     46/99     8.02G   0.02605   0.01272         0   0.03877        19       640    0.8426    0.9054     0.913    0.7044   0.02016  0.008266         0
     47/99     8.02G   0.02541   0.01167         0   0.03709        27       640    0.9415    0.8716    0.9318    0.7073   0.02101  0.008123         0
     48/99     8.02G    0.0268   0.01216         0   0.03896        34       640    0.8968    0.8243    0.9016    0.6873   0.02219  0.008389         0
     49/99     8.02G   0.02425   0.01119         0   0.03544        31       640    0.9082    0.8716    0.9151    0.7128   0.02099  0.007707         0
     50/99     8.02G    0.0251   0.01139         0   0.03649        27       640    0.9407    0.8581    0.9418    0.7278   0.02002  0.007263         0
     51/99     8.02G   0.02402   0.01217         0   0.03619        28       640    0.9197    0.8512    0.9073     0.716   0.02276  0.008613         0
     52/99     8.02G   0.02505   0.01149         0   0.03654        27       640    0.9108    0.8986    0.9184     0.691   0.02102  0.007421         0
     53/99     8.02G   0.02418   0.01169         0   0.03586        26       640    0.8936    0.8513    0.8983    0.7012   0.02071  0.008572         0
     54/99     8.02G   0.02458   0.01207         0   0.03665        26       640    0.9265    0.8581    0.9009    0.7068    0.0198  0.008102         0
     55/99     8.02G   0.02212   0.01092         0   0.03304        44       640    0.8867    0.8986    0.9206    0.7146   0.01959  0.008299         0
     56/99     8.02G   0.02303   0.01125         0   0.03428        37       640    0.9295    0.8912    0.9199    0.7291   0.01999  0.007591         0
     57/99     8.02G   0.02201   0.01073         0   0.03274        26       640    0.9229    0.8919    0.9219    0.7446   0.02083  0.007869         0
     58/99     8.02G   0.02164   0.01058         0   0.03222        25       640    0.9346    0.8784     0.922    0.7499   0.01832  0.007324         0
     59/99     8.02G   0.02148   0.01018         0   0.03166        26       640     0.928    0.8714    0.9314    0.7374   0.02079  0.008579         0
     60/99     8.03G   0.02074   0.01068         0   0.03142        27       640    0.8726    0.9257    0.9297    0.7634   0.01839  0.006592         0
     61/99     8.03G   0.02182  0.009802         0   0.03163        17       640    0.9191    0.8445    0.9091    0.7165   0.01986  0.007957         0
     62/99     8.03G   0.02009   0.01105         0   0.03114        23       640    0.9278    0.8716    0.9076    0.7605   0.01764  0.006823         0
     63/99     8.03G   0.01976   0.01041         0   0.03018        35       640    0.8926    0.8984    0.9211    0.7511   0.01733  0.007256         0
     64/99     8.03G   0.02054   0.01075         0   0.03129        19       640    0.9343    0.8649    0.9257    0.7699   0.01863  0.007781         0
     65/99     8.03G   0.01963   0.01061         0   0.03024        29       640    0.9493     0.885    0.9294    0.7555   0.01758  0.006982         0
     66/99     8.03G   0.01948   0.01028         0   0.02976        26       640    0.9366    0.8986     0.932    0.7413   0.01942  0.007858         0
     67/99     8.03G   0.01912   0.01012         0   0.02924        38       640    0.9155    0.8782    0.9209    0.7518   0.01786  0.007242         0
     68/99     8.03G   0.01899    0.0101         0    0.0291        24       640    0.9481    0.8649    0.9228    0.7477   0.02089  0.007918         0
     69/99     8.03G   0.01896   0.01003         0   0.02899        32       640    0.9113    0.9022    0.9245    0.7789   0.01624  0.006279         0
     70/99     8.03G   0.01859  0.009711         0    0.0283        39       640    0.9054    0.9052     0.924    0.7611   0.01599  0.006667         0
     71/99     8.03G   0.01777  0.009095         0   0.02686        45       640    0.9485    0.8704    0.9194      0.78   0.01578   0.00645         0
     72/99     8.03G   0.01801  0.009794         0   0.02781        31       640    0.9424     0.885    0.9305    0.7808    0.0148  0.006442         0
     73/99     8.03G   0.01698  0.009186         0   0.02617        31       640    0.9019    0.9322    0.9378    0.8045   0.01496  0.006378         0
     74/99     8.03G   0.01754  0.009596         0   0.02713        33       640     0.956    0.8851    0.9368    0.7876   0.01652  0.006228         0
     75/99     8.03G   0.01773  0.009426         0   0.02716        33       640     0.942    0.8783    0.9418     0.801   0.01531  0.006236         0
     76/99     8.03G     0.018   0.01002         0   0.02802        29       640    0.9565    0.8919    0.9458    0.8117   0.01453  0.005859         0
     77/99     8.03G   0.01661  0.009016         0   0.02562        33       640    0.9699    0.8716    0.9472    0.7958   0.01533  0.006329         0
     78/99     8.03G   0.01756  0.009488         0   0.02705        25       640    0.9562     0.885    0.9351    0.7989   0.01512  0.006707         0
     79/99     8.03G   0.01636  0.008893         0   0.02526        23       640    0.9564    0.8919    0.9477     0.817   0.01452  0.005826         0
     80/99     8.03G    0.0164  0.009547         0   0.02595        27       640    0.8923    0.9054    0.9238    0.7854   0.01594   0.00699         0
     81/99     8.03G   0.01636  0.009095         0   0.02546        32       640     0.906    0.9122    0.9222     0.789   0.01574  0.006305         0
     82/99     8.03G   0.01551  0.008984         0    0.0245        29       640    0.9289    0.8851    0.9289    0.8125   0.01494  0.006249         0
     83/99     8.03G   0.01551  0.008099         0   0.02361        28       640    0.9489    0.8781    0.9272    0.8005   0.01466  0.006133         0
     84/99     8.03G   0.01564  0.009111         0   0.02476        30       640     0.923    0.8919    0.9289    0.8151   0.01451  0.005946         0
     85/99     8.03G   0.01541  0.008289         0    0.0237        31       640    0.9186    0.9189    0.9445    0.7961   0.01607  0.007043         0
     86/99     8.03G   0.01553  0.008503         0   0.02403        22       640    0.9241    0.9053    0.9206    0.7787   0.01657  0.006535         0
     87/99     8.03G   0.01532  0.008646         0   0.02397        29       640    0.9139    0.9324    0.9374    0.8079   0.01493  0.005873         0
     88/99     8.03G   0.01499   0.00881         0    0.0238        24       640    0.9487    0.8784    0.9384    0.8249   0.01455  0.006112         0
     89/99     8.03G   0.01462  0.008375         0     0.023        34       640    0.9189    0.9189    0.9374    0.8164   0.01481  0.006174         0
     90/99     8.03G   0.01483  0.008824         0   0.02365        33       640    0.9189    0.9188    0.9419    0.8162   0.01423  0.006109         0
     91/99     8.03G   0.01448  0.007833         0   0.02231        32       640    0.9318    0.9257    0.9425    0.8254   0.01517  0.006086         0
     92/99     8.03G   0.01473   0.00832         0   0.02305        28       640    0.9188    0.9189    0.9403    0.8156   0.01541  0.005974         0
     93/99     8.03G   0.01473  0.008347         0   0.02308        18       640    0.9249    0.9189    0.9377    0.8248   0.01337  0.005621         0
     94/99     8.03G   0.01442  0.008164         0   0.02258        25       640     0.924    0.9054    0.9384    0.8175   0.01417  0.005752         0
     95/99     8.03G   0.01411   0.00803         0   0.02214        25       640    0.9844    0.8513     0.942    0.8315   0.01349  0.005624         0
     96/99     8.03G   0.01455  0.008177         0   0.02273        37       640    0.9189    0.9187     0.935    0.8113   0.01381  0.005914         0
     97/99     8.03G   0.01463  0.008952         0   0.02358        15       640    0.9251    0.9189    0.9322    0.8116   0.01381  0.005513         0
     98/99     8.03G   0.01445  0.008275         0   0.02273        56       640      0.92    0.9323    0.9268    0.8063   0.01394  0.005776         0
     99/99     8.03G   0.01399  0.007884         0   0.02187        28       640     0.931     0.912    0.9399    0.8219   0.01371  0.005517         0
