      0/99     5.22G    0.1158   0.04577   0.02841      0.19        71       640 0.0005556    0.1115 0.0002951 5.408e-05     0.102   0.04327   0.02567
      1/99      5.2G     0.109   0.04574   0.02541    0.1802        80       640 0.0004882   0.09797 0.0001305 1.813e-05    0.1006   0.04289   0.02452
      2/99      5.2G    0.1059   0.04837   0.02356    0.1779       103       640 0.0005601    0.1014 0.0001224 2.272e-05    0.1009   0.04289    0.0237
      3/99      5.2G     0.106   0.04907   0.02287     0.178       134       640  0.007979  0.007979 0.0003848 7.981e-05    0.1013   0.04171   0.02322
      4/99      5.2G    0.1047   0.04719    0.0225    0.1743       123       640 0.0007498   0.03745 7.174e-05 1.381e-05    0.1061   0.04343   0.02704
      5/99      5.2G     0.104   0.04904   0.02193    0.1749        69       640 0.0008376   0.02365 0.0001601 2.978e-05    0.1015   0.04163   0.02361
      6/99      5.2G    0.1041   0.04938   0.02172    0.1752       134       640  0.003835   0.05183 0.0004937 8.193e-05   0.09873   0.04239   0.02149
      7/99      5.2G    0.1025   0.04885   0.02082    0.1722       140       640   0.03102   0.09211  0.007144   0.00135    0.0984   0.03873   0.02138
      8/99      5.2G    0.0995   0.04183   0.02065     0.162        88       640   0.02182    0.1799  0.009042  0.001703    0.0963   0.04534   0.02029
      9/99      5.2G   0.09354   0.04481   0.01816    0.1565        70       640   0.09627     0.196   0.03808  0.009233   0.08493   0.05551   0.01983
     10/99      5.2G    0.0893   0.04298   0.01545    0.1477       110       640    0.0572    0.3488   0.02883  0.006149   0.08439   0.05345     0.018
     11/99      5.2G   0.08689    0.0435   0.01294    0.1433       103       640   0.03789    0.1425   0.01572  0.003755    0.0952   0.08048   0.02272
     12/99      5.2G   0.08427   0.03882   0.01216    0.1353        80       640    0.1728    0.1825   0.06315   0.01824   0.08238   0.08732   0.01486
     13/99      5.2G   0.07841   0.03954  0.009657    0.1276       110       640    0.2964    0.3986    0.2367   0.06189   0.07882   0.04189   0.01384
     14/99      5.2G   0.07598   0.03752  0.008933    0.1224        77       640    0.2917    0.3503    0.1664   0.04566   0.07043   0.06893  0.009973
     15/99      5.2G   0.07317   0.03883  0.008856    0.1209        87       640     0.197    0.1882   0.08924   0.02694   0.07865   0.09529   0.01616
     16/99      5.2G   0.07046   0.03637  0.007434    0.1143        87       640    0.4912    0.4666    0.4144    0.1416   0.06417    0.0352  0.008207
     17/99      5.2G   0.06732    0.0354  0.007066    0.1098       147       640    0.2959    0.3557    0.2011   0.04733   0.07335    0.0392   0.01013
     18/99      5.2G   0.06963   0.03469  0.006971    0.1113       113       640    0.4267    0.4602     0.321   0.08351   0.06715   0.03537  0.006375
     19/99      5.2G   0.06559   0.03355  0.006264    0.1054        67       640     0.576    0.6482    0.5923    0.2406   0.05335   0.02844  0.005148
     20/99      5.2G   0.06406   0.03494   0.00578    0.1048       133       640    0.5543    0.3767    0.3599    0.1178   0.06279    0.0432  0.008338
     21/99      5.2G   0.06446   0.03578  0.005819    0.1061       103       640    0.7147    0.5729    0.6341    0.2562   0.05714   0.02943    0.0046
     22/99      5.2G   0.06231   0.03246  0.005895    0.1007       155       640    0.7616    0.6401    0.6831    0.3448   0.04897    0.0252  0.003983
     23/99      5.2G   0.05964   0.03435  0.005357   0.09935       156       640     0.441    0.3238    0.2786    0.1299   0.06685   0.05211   0.01148
     24/99      5.2G   0.05381   0.02909  0.004471   0.08737        94       640    0.6869    0.5965    0.5875    0.2538   0.04984   0.02967  0.005865
     25/99      5.2G   0.05408   0.02881   0.00483   0.08772        82       640    0.7941    0.6992    0.7357    0.3325    0.0451   0.02427  0.004071
     26/99      5.2G   0.05138   0.02957  0.004353    0.0853       233       640    0.8648    0.6865    0.7741    0.3706   0.04373   0.02427  0.003417
     27/99      5.2G   0.05055   0.03087  0.004305   0.08572        96       640    0.8023    0.7488     0.786    0.4256   0.04331   0.02201  0.003613
     28/99      5.2G   0.05049   0.02744  0.004244   0.08217        72       640    0.8498    0.7652    0.8268    0.4298   0.03937   0.02166  0.003295
     29/99      5.2G   0.04796   0.02911  0.004102   0.08117        77       640    0.9239    0.8196    0.8705    0.5073   0.03472   0.02056  0.002817
     30/99      5.2G   0.04531   0.02735  0.003818   0.07648       102       640    0.8887    0.7828    0.8432    0.5198   0.03712   0.02065  0.002916
     31/99      5.2G   0.04701   0.02539  0.003734   0.07613        85       640    0.9003    0.7974    0.8637    0.4916   0.03544   0.02032  0.002682
     32/99      5.2G   0.04566   0.02604  0.003671   0.07537       123       640    0.9575     0.779    0.8613    0.4936   0.03761   0.01938  0.002943
     33/99      5.2G   0.04499   0.02488  0.003412   0.07328        92       640     0.907    0.7804    0.8511    0.4958   0.03534   0.01926  0.002623
     34/99      5.2G   0.04384   0.02605  0.003394   0.07328        59       640    0.9245     0.789    0.8493    0.4983    0.0362   0.02025  0.002494
     35/99      5.2G   0.04188   0.02459  0.003235    0.0697        85       640    0.8994    0.7129    0.8108    0.4795   0.03726   0.02311  0.003399
     36/99      5.2G   0.04101   0.02442  0.003217   0.06865        88       640    0.9104    0.8433    0.8856     0.557   0.03181   0.01855  0.002221
     37/99      5.2G   0.04163   0.02437  0.003107   0.06911       105       640    0.5931    0.3553    0.3796    0.2173    0.0593    0.0436   0.01268
     38/99      5.2G   0.04074   0.02492  0.003235    0.0689        84       640    0.9444    0.7439    0.8275    0.5186   0.03365   0.02224  0.002635
     39/99      5.2G   0.03947   0.02296  0.003301   0.06573       112       640    0.9669    0.7983    0.8851    0.5861   0.03089     0.018  0.002392
     40/99      5.2G      0.04   0.02365  0.003124   0.06677       103       640    0.9402    0.8243    0.8835    0.5233   0.03443   0.01819  0.002752
     41/99      5.2G   0.03896   0.02245  0.003179   0.06459        72       640    0.9323    0.8469    0.8916    0.5913   0.02945   0.01764  0.002407
     42/99      5.2G   0.04014    0.0248   0.00315    0.0681        92       640    0.9458    0.8488    0.9032    0.5738   0.02959   0.01743  0.002166
     43/99      5.2G   0.03757   0.02304  0.002948   0.06356        74       640     0.955    0.8369    0.8938    0.5851   0.02983   0.01773   0.00269
     44/99      5.2G    0.0384   0.02358  0.002907   0.06489       106       640    0.9424    0.8074    0.8757    0.5719   0.03005   0.01872  0.002338
     45/99      5.2G   0.03596   0.02202  0.002806   0.06079       105       640    0.9323    0.8318    0.8937    0.6097   0.02845    0.0173  0.002161
     46/99      5.2G   0.03634   0.02347  0.002882   0.06269        54       640    0.9462    0.8399    0.8877    0.6065   0.02833   0.01684  0.002782
     47/99      5.2G   0.03479   0.02176  0.002914   0.05946       161       640     0.919    0.8668    0.9048    0.6119   0.02761   0.01757  0.002144
     48/99      5.2G   0.03452   0.02171  0.002848   0.05908       101       640    0.9603    0.8498    0.9148    0.6113   0.02693   0.01656  0.001872
     49/99      5.2G   0.03557   0.02113  0.002825   0.05952        99       640    0.9637    0.8543    0.9045    0.6098   0.02784   0.01674  0.002239
     50/99      5.2G   0.03485   0.02182  0.002877   0.05955        92       640    0.9516    0.8613    0.8973    0.6223   0.02718    0.0171  0.002119
     51/99      5.2G   0.03353   0.02188  0.002827   0.05823       122       640    0.9661    0.8499    0.9049    0.6179   0.02752   0.01662  0.002018
     52/99      5.2G   0.03371   0.02178  0.002716   0.05821       110       640    0.9504    0.8655    0.9141    0.6279   0.02734   0.01703   0.00229
     53/99      5.2G   0.03385   0.02172   0.00256   0.05814        76       640    0.9683    0.8569    0.9102    0.6514   0.02531   0.01592  0.002091
     54/99      5.2G    0.0337   0.02104  0.002549   0.05729        73       640    0.9353    0.8623    0.9082    0.6079    0.0282    0.0174  0.001824
     55/99      5.2G   0.03231    0.0208  0.002904   0.05601       164       640    0.9539    0.8588    0.9235    0.6385   0.02553   0.01583  0.002005
     56/99      5.2G   0.03276   0.02014  0.002485   0.05539       180       640     0.934    0.8719    0.9182    0.6476   0.02573   0.01585  0.002007
     57/99      5.2G   0.03161    0.0215  0.002534   0.05565       260       640     0.972    0.8622     0.915    0.6476   0.02612   0.01647  0.002665
     58/99      5.2G   0.03153   0.02057  0.002537   0.05463        95       640    0.9388    0.8499    0.9095    0.6461   0.02578   0.01648  0.002236
     59/99      5.2G   0.03075   0.02004  0.002564   0.05336       208       640    0.9356     0.888    0.9181     0.668    0.0244   0.01526  0.001912
     60/99      5.2G   0.03167   0.01818  0.002528   0.05237        71       640     0.961     0.873    0.9177    0.6694   0.02501   0.01536  0.002026
     61/99      5.2G   0.03056    0.0189  0.002604   0.05206        86       640    0.9589    0.8677    0.9039    0.6562   0.02533   0.01509  0.002225
     62/99      5.2G   0.03026   0.02004  0.002414   0.05272        76       640    0.9565    0.8698    0.9185    0.6561   0.02568   0.01597   0.00215
     63/99      5.2G   0.02975    0.0194  0.002402   0.05156       110       640    0.9582    0.8729     0.913     0.672    0.0235    0.0151  0.002601
     64/99      5.2G    0.0296   0.01903  0.002579   0.05121        77       640    0.9581    0.8821    0.9183     0.677   0.02388   0.01542  0.001991
     65/99      5.2G   0.02942   0.01825  0.002369   0.05004        95       640    0.9271    0.8916    0.9264    0.6679   0.02384   0.01519  0.001825
     66/99      5.2G   0.02889   0.01982  0.002363   0.05108       109       640     0.924    0.8775    0.9193    0.6701    0.0237   0.01555  0.001637
     67/99      5.2G   0.02829    0.0196  0.002298   0.05019        83       640    0.9254    0.8901    0.9175    0.6774   0.02305   0.01493  0.001803
     68/99      5.2G   0.02825   0.01931  0.002389   0.04995       130       640    0.9504    0.8717    0.9245    0.6881   0.02361   0.01548  0.002354
     69/99      5.2G   0.02732     0.019  0.002303   0.04862       104       640    0.9729    0.8659    0.9158    0.6834   0.02316   0.01506  0.002252
     70/99      5.2G     0.028   0.01886  0.002352   0.04921        49       640    0.9385    0.8791    0.9282     0.695   0.02313   0.01495  0.001904
     71/99      5.2G    0.0275   0.01917  0.002302   0.04897       101       640    0.9649     0.868    0.9241    0.6902   0.02261   0.01495  0.001705
     72/99      5.2G   0.02717   0.01838  0.002337   0.04789        67       640    0.9258    0.8894    0.9203    0.6869   0.02285   0.01523  0.001778
     73/99      5.2G    0.0273   0.01783  0.002362   0.04749        97       640    0.9307    0.8899    0.9175      0.69   0.02283   0.01548  0.001761
     74/99      5.2G   0.02726    0.0183  0.002285   0.04784        98       640    0.9546     0.884    0.9329    0.7017     0.022   0.01434  0.001887
     75/99      5.2G   0.02707   0.01903  0.002318   0.04841       106       640    0.9401    0.9091    0.9363    0.7025     0.022   0.01398  0.001553
     76/99      5.2G    0.0276   0.01844  0.002283   0.04833       140       640    0.9516    0.8912     0.935    0.7056   0.02266   0.01432  0.001716
     77/99      5.2G   0.02715   0.01919  0.002324   0.04866       153       640    0.9416    0.8849    0.9278    0.6942   0.02266   0.01439  0.001796
     78/99      5.2G   0.02564   0.01789  0.002053   0.04559       113       640    0.9737    0.8787    0.9335    0.7121   0.02199   0.01425  0.002024
     79/99      5.2G     0.026   0.01907  0.002321   0.04739       107       640    0.9538     0.892    0.9287    0.6974   0.02178   0.01445  0.001371
     80/99      5.2G   0.02597   0.01921   0.00224   0.04742       106       640    0.9447    0.8936    0.9366    0.7149   0.02171    0.0143  0.002087
     81/99      5.2G   0.02653   0.01808  0.002173   0.04679       117       640    0.9433     0.893    0.9369    0.7155   0.02161   0.01441  0.002173
     82/99      5.2G    0.0258   0.01745  0.002237   0.04549        83       640    0.9594      0.89    0.9351    0.7173   0.02113   0.01412  0.002004
     83/99      5.2G   0.02515   0.01733  0.002056   0.04454        80       640    0.9362    0.9057    0.9388    0.7121   0.02118    0.0141  0.001634
     84/99      5.2G   0.02558    0.0182  0.002295   0.04607       154       640    0.9654    0.8774    0.9316    0.7233   0.02077   0.01387  0.001571
     85/99      5.2G   0.02481   0.01758  0.002153   0.04454       121       640    0.9289    0.9132    0.9398    0.7214   0.02073   0.01391  0.001598
     86/99      5.2G    0.0247   0.01734  0.002139   0.04418       110       640    0.9452    0.9067     0.938    0.7158   0.02056   0.01383  0.001366
     87/99      5.2G   0.02509   0.01788  0.002271   0.04524        93       640    0.9444     0.895     0.933    0.7274   0.02046     0.014  0.001563
     88/99      5.2G   0.02448   0.01657  0.002228   0.04328        91       640    0.9569    0.8909    0.9376    0.7251   0.02043   0.01375   0.00147
     89/99      5.2G   0.02461   0.01868  0.002153   0.04544       112       640    0.9489    0.9106    0.9458    0.7241   0.02044   0.01346  0.001514
     90/99      5.2G   0.02466   0.01697  0.002193   0.04382        86       640    0.9604    0.9058    0.9411    0.7247   0.02056    0.0139  0.001527
     91/99      5.2G   0.02533   0.01723  0.002361   0.04491        93       640    0.9557     0.901    0.9352    0.7257   0.02034   0.01363  0.001513
     92/99      5.2G   0.02531   0.01639  0.002168   0.04387        77       640    0.9597     0.894    0.9349     0.728   0.02034   0.01439  0.001509
     93/99      5.2G   0.02406   0.01675  0.001995    0.0428        62       640    0.9485    0.9057    0.9412     0.728   0.02014   0.01346  0.001698
     94/99      5.2G   0.02421   0.01662  0.002118   0.04295        93       640    0.9434    0.9147    0.9449    0.7201   0.02076   0.01418  0.001607
     95/99      5.2G   0.02398   0.01633  0.002174   0.04249       115       640    0.9614    0.9012     0.937    0.7303   0.02022   0.01357  0.001755
     96/99      5.2G   0.02369   0.01626  0.001929   0.04189        89       640    0.9501    0.9161    0.9426    0.7327   0.02021   0.01351  0.001699
     97/99      5.2G   0.02411   0.01564  0.002101   0.04185        89       640    0.9459    0.9045    0.9334    0.7322   0.02001   0.01335  0.001632
     98/99      5.2G   0.02387   0.01741  0.002183   0.04346       120       640    0.9536    0.9083    0.9364    0.7301   0.02003    0.0135  0.001672
     99/99      5.2G    0.0227   0.01614  0.001687   0.04052       111       640    0.9591    0.8986    0.9358    0.7312   0.02014   0.01318  0.001701
