      0/99      5.2G    0.1058    0.0312         0     0.137         9       640  0.001953    0.3919  0.000889 0.0001396   0.09624   0.02296         0
      1/99     5.16G   0.09584   0.03124         0    0.1271        20       640  0.001212    0.2432 0.0003652  5.65e-05   0.09273   0.02082         0
      2/99     5.16G   0.09244   0.03015         0    0.1226        11       640  0.001389     0.277 0.0004304  6.26e-05   0.09166   0.01975         0
      3/99     5.16G   0.09409   0.02781         0    0.1219        13       640   0.02702  0.006757  0.000873 0.0002509   0.09116   0.01906         0
      4/99     5.16G    0.0936   0.02925         0    0.1229        12       640   0.01904   0.02027   0.00161 0.0003094   0.09151   0.01861         0
      5/99     5.16G    0.0918   0.02899         0    0.1208        13       640   0.04144   0.03378  0.003945 0.0009066   0.09099   0.01843         0
      6/99     5.16G   0.09225   0.03007         0    0.1223        23       640   0.02531   0.01351  0.002604 0.0003117   0.09052    0.0219         0
      7/99     5.16G   0.08882   0.03059         0    0.1194        15       640   0.01679   0.01351  0.001377 0.0002616   0.08717   0.01919         0
      8/99     5.16G   0.08776   0.02952         0    0.1173        15       640   0.01595   0.07432  0.004021  0.000688   0.08451   0.01855         0
      9/99     5.16G   0.08617   0.02869         0    0.1149         7       640    0.1936    0.1149   0.04108  0.007253   0.07881   0.01922         0
     10/99     5.16G   0.08557    0.0283         0    0.1139        17       640    0.1014    0.1689   0.03611  0.005812   0.07668   0.01917         0
     11/99     5.16G   0.08252   0.03049         0     0.113        41       640    0.1591     0.223   0.08912   0.01383   0.07514   0.02243         0
     12/99     5.16G   0.07888   0.03012         0     0.109        23       640    0.2911    0.2365    0.1246   0.02731     0.074   0.02694         0
     13/99     5.16G   0.07562    0.0275         0    0.1031        21       640    0.2935    0.2432    0.1066   0.02077   0.08109   0.02255         0
     14/99     5.16G   0.07436   0.02575         0    0.1001        12       640    0.0936    0.1892   0.03335  0.004945   0.09269    0.0339         0
     15/99     5.16G   0.07304   0.02496         0   0.09801         7       640    0.1873    0.3108    0.1064   0.02942   0.06879   0.02104         0
     16/99     5.16G    0.0697   0.02582         0   0.09552         7       640    0.1296    0.2365   0.07703   0.01694   0.07615    0.1526         0
     17/99     5.16G   0.06807   0.02665         0   0.09472        14       640    0.7381    0.3851    0.4678    0.1969   0.06697   0.02356         0
     18/99     5.16G   0.06376   0.02451         0   0.08826        28       640    0.8285    0.5338    0.6212    0.2828   0.05022   0.01706         0
     19/99     5.16G   0.05856    0.0235         0   0.08206        11       640    0.7762    0.4932    0.5713    0.2086    0.0558   0.01592         0
     20/99     5.16G   0.05816   0.02427         0   0.08243        11       640    0.8279    0.5201    0.6404    0.2925   0.05111   0.01756         0
     21/99     5.16G    0.0555   0.02336         0   0.07886        14       640   0.08432    0.3378   0.04882   0.02234   0.05925   0.06255         0
     22/99     5.16G   0.05504   0.02189         0   0.07692        10       640    0.6791    0.6892    0.6827    0.3788   0.04578   0.01586         0
     23/99     5.16G   0.05596   0.02187         0   0.07783        13       640    0.6102    0.6149    0.5751    0.2244   0.05206   0.01618         0
     24/99     5.16G   0.05301   0.02614         0   0.07915        17       640     0.544     0.527     0.519    0.1803   0.05967   0.01999         0
     25/99     5.16G    0.0516   0.02326         0   0.07485         7       640    0.5927    0.3986    0.4283    0.1878   0.05636   0.02248         0
     26/99     5.16G   0.05154   0.02172         0   0.07326         7       640    0.8666    0.6146    0.7174    0.3827   0.04514   0.01906         0
     27/99     5.16G   0.04779   0.02186         0   0.06965        11       640    0.7641    0.7223    0.7591     0.402     0.043    0.0187         0
     28/99     5.16G   0.04605   0.02084         0    0.0669        32       640    0.7636    0.6824    0.7217    0.4131   0.04022   0.01759         0
     29/99     5.16G   0.04445    0.0214         0   0.06585        34       640    0.8782    0.6823    0.7451    0.3494   0.04379   0.01251         0
     30/99     5.16G   0.04544   0.01923         0   0.06467         8       640    0.7769    0.7095     0.775    0.4279   0.03778   0.01322         0
     31/99     5.16G   0.04186   0.02106         0   0.06292         4       640    0.7913    0.7429    0.7889    0.4743   0.03779   0.01457         0
     32/99     5.16G    0.0423   0.01811         0   0.06042         8       640    0.8831    0.7703    0.8399    0.5363   0.03367   0.01201         0
     33/99     5.16G    0.0394   0.01794         0   0.05734        19       640    0.8833     0.716    0.8298    0.5435   0.03101   0.01184         0
     34/99     5.16G    0.0377    0.0186         0    0.0563         8       640    0.8246    0.7635    0.8288    0.5387   0.03134   0.01031         0
     35/99     5.16G   0.03796   0.01698         0   0.05494         6       640    0.7588    0.5739    0.6342    0.3225   0.03956   0.01759         0
     36/99     5.16G   0.03655   0.01789         0   0.05444         8       640    0.3754    0.5203    0.3069     0.204   0.03579     0.035         0
     37/99     5.16G   0.03637   0.01798         0   0.05434        23       640    0.8513    0.7027     0.794    0.5621   0.03045   0.01119         0
     38/99     5.16G   0.03464   0.01699         0   0.05163        30       640    0.9212    0.7904     0.864    0.5565   0.03602   0.01066         0
     39/99     5.16G   0.03423   0.01769         0   0.05192        19       640    0.9363    0.8041     0.876    0.5954   0.03118   0.01009         0
     40/99     5.16G   0.03356   0.01553         0    0.0491         5       640    0.8172    0.7162    0.7504    0.4907   0.03627   0.01532         0
     41/99     5.16G    0.0339   0.01696         0   0.05086        33       640    0.8606     0.709    0.7953    0.4957   0.03279   0.01244         0
     42/99     5.16G   0.03376    0.0163         0   0.05006         6       640    0.8415    0.8649    0.8909    0.5461   0.03081   0.00974         0
     43/99     5.16G   0.03283   0.01498         0   0.04781        12       640     0.966    0.7905    0.9086    0.5574   0.03118  0.009468         0
     44/99     5.16G   0.03314   0.01502         0   0.04816         9       640    0.8985    0.8378    0.9097    0.6133   0.02777  0.009102         0
     45/99     5.16G   0.03103   0.01587         0   0.04689         9       640    0.9242     0.824    0.9062    0.6218    0.0294  0.008652         0
     46/99     5.16G   0.03062    0.0144         0   0.04502        10       640    0.9453     0.817    0.9196    0.6554   0.02665  0.008457         0
     47/99     5.16G   0.03031   0.01496         0   0.04527        16       640    0.8619    0.8446    0.8833    0.6392   0.03286   0.01047         0
     48/99     5.16G   0.02928   0.01492         0    0.0442        13       640    0.9202    0.8649    0.9219    0.6686   0.02843  0.008935         0
     49/99     5.16G    0.0282   0.01605         0   0.04426        13       640    0.8951    0.8646    0.9196    0.6916   0.02461  0.008691         0
     50/99     5.16G   0.02725   0.01351         0   0.04077        15       640    0.9037    0.8241    0.8926    0.6534   0.03192   0.01016         0
     51/99     5.16G   0.02826   0.01487         0   0.04313        10       640    0.9516    0.7973    0.9135    0.6816   0.02393  0.008006         0
     52/99     5.16G   0.02648   0.01359         0   0.04007        13       640    0.9236    0.8984    0.9248    0.6869   0.02662  0.008469         0
     53/99     5.16G   0.02645   0.01462         0   0.04108        17       640    0.9065    0.8513    0.9096    0.6333   0.02777   0.00838         0
     54/99     5.16G   0.02765   0.01324         0   0.04088        21       640     0.947    0.8446    0.9148    0.7088   0.02351  0.008067         0
     55/99     5.16G   0.02673   0.01433         0   0.04105        36       640     0.911    0.8986    0.9196    0.6851   0.02386  0.008123         0
     56/99     5.16G   0.02578   0.01314         0   0.03892         7       640    0.9323    0.8377    0.9117    0.7138   0.02298  0.008374         0
     57/99     5.16G    0.0267   0.01289         0   0.03959        26       640    0.9385    0.8378    0.9179    0.6966   0.02316  0.007805         0
     58/99     5.16G   0.02396   0.01212         0   0.03608        16       640    0.9101    0.8919    0.9274    0.6972   0.02256  0.007959         0
     59/99     5.16G   0.02334    0.0132         0   0.03654        16       640    0.9196    0.8581    0.9132    0.7111   0.02623  0.008937         0
     60/99     5.16G   0.02478   0.01261         0   0.03739         8       640    0.9383    0.8243    0.9207    0.7332   0.02293  0.008174         0
     61/99     5.16G   0.02429   0.01319         0   0.03747        19       640    0.9366    0.8981     0.931     0.701    0.0235  0.007529         0
     62/99     5.16G   0.02396   0.01284         0    0.0368        11       640    0.9264    0.8509    0.9188    0.7245   0.02002  0.007347         0
     63/99     5.16G   0.02221   0.01202         0   0.03423        17       640    0.9155    0.8783    0.9278    0.7307   0.02186  0.007795         0
     64/99     5.16G   0.02431   0.01258         0   0.03689        22       640    0.9369    0.9032    0.9433    0.7479   0.01982  0.007051         0
     65/99     5.16G   0.02312    0.0124         0   0.03552        16       640    0.9071    0.8578    0.9225    0.7331    0.0194  0.007194         0
     66/99     5.16G   0.02162    0.0124         0   0.03402        13       640    0.9231    0.8986    0.9274    0.7309   0.02197  0.007643         0
     67/99     5.16G   0.02172   0.01224         0   0.03396        19       640    0.9054    0.9054    0.9346    0.7321   0.02255  0.007729         0
     68/99     5.16G    0.0215   0.01205         0   0.03355        21       640    0.8959    0.9324    0.9363    0.7507   0.01911  0.006861         0
     69/99     5.16G   0.02076   0.01223         0   0.03299        24       640    0.8926    0.8986    0.9291    0.7382   0.01966   0.00731         0
     70/99     5.16G   0.02179   0.01193         0   0.03373        13       640      0.93    0.8981    0.9329    0.7469   0.02043  0.007917         0
     71/99     5.16G   0.02125   0.01148         0   0.03274        16       640    0.8888    0.9189    0.9433     0.761   0.01922  0.007485         0
     72/99     5.16G   0.02089   0.01162         0   0.03251        13       640    0.9241    0.9054    0.9367    0.7629    0.0202  0.007415         0
     73/99     5.16G   0.02052   0.01138         0   0.03191         8       640    0.9428    0.8915    0.9364    0.7542   0.01936  0.007089         0
     74/99     5.16G   0.02027   0.01059         0   0.03086         7       640    0.9424    0.8849     0.944    0.7791   0.01778  0.006515         0
     75/99     5.16G   0.01886   0.01136         0   0.03021        20       640    0.9375    0.9121    0.9374    0.7589   0.01871  0.007611         0
     76/99     5.16G   0.02021   0.01159         0    0.0318        15       640     0.928    0.8716    0.9333    0.7535   0.02016  0.007692         0
     77/99     5.16G   0.01896   0.01084         0   0.02981        18       640    0.9429    0.8919     0.939    0.7718   0.01739  0.006864         0
     78/99     5.16G   0.01892   0.01126         0   0.03018        26       640    0.8923    0.8986    0.9262    0.7534   0.01796  0.007872         0
     79/99     5.16G   0.01882   0.01103         0   0.02986        14       640    0.9488    0.8851    0.9385    0.7601    0.0182  0.007315         0
     80/99     5.16G   0.01805   0.01078         0   0.02883        15       640    0.9349    0.8851    0.9373    0.7844   0.01665  0.006495         0
     81/99     5.16G   0.01849   0.01107         0   0.02956        11       640    0.9121     0.912    0.9432    0.7784     0.017  0.006483         0
     82/99     5.16G   0.01904   0.01095         0   0.02999         7       640    0.9047    0.8985    0.9318    0.7709   0.01734  0.006749         0
     83/99     5.16G   0.01778   0.01068         0   0.02846         9       640    0.8845    0.9324    0.9328    0.7917   0.01699  0.006753         0
     84/99     5.16G   0.01755   0.01057         0   0.02811         9       640    0.9236    0.8986     0.942    0.7805   0.01704  0.006677         0
     85/99     5.16G   0.01891    0.0108         0   0.02972        13       640    0.9416    0.8713     0.939    0.7787   0.01705  0.006982         0
     86/99     5.16G   0.01827   0.01171         0   0.02998        12       640     0.962    0.8716    0.9462    0.7898   0.01763  0.006646         0
     87/99     5.16G   0.01756   0.01089         0   0.02845         7       640    0.9153    0.8851    0.9256    0.7866   0.01806  0.007445         0
     88/99     5.16G   0.01707   0.01008         0   0.02715         7       640    0.9247    0.9121    0.9402     0.788   0.01704  0.006675         0
     89/99     5.16G   0.01722   0.01042         0   0.02765        10       640    0.9013    0.9254     0.931    0.7688   0.01728  0.006652         0
     90/99     5.16G   0.01678    0.0102         0   0.02697        11       640    0.9225    0.8851    0.9284    0.7778   0.01801  0.007786         0
     91/99     5.16G   0.01725  0.009605         0   0.02685        15       640    0.9481    0.8649    0.9408    0.8011     0.017  0.006805         0
     92/99     5.16G   0.01724   0.00949         0   0.02673         7       640    0.9166    0.8919    0.9409     0.794   0.01734  0.006487         0
     93/99     5.16G   0.01688   0.01014         0   0.02702        16       640    0.9357    0.8851    0.9397    0.7863   0.01711  0.007052         0
     94/99     5.16G   0.01677   0.01093         0    0.0277         4       640      0.93    0.8986      0.94    0.7904    0.0166  0.006817         0
     95/99     5.16G   0.01712     0.011         0   0.02813         6       640    0.9194    0.9254    0.9412    0.7924    0.0173  0.006521         0
     96/99     5.16G   0.01681   0.01013         0   0.02693         6       640    0.9374    0.9122    0.9498     0.797    0.0172  0.006002         0
     97/99     5.16G   0.01654   0.01025         0   0.02678        17       640    0.9564    0.8919    0.9401    0.8024   0.01658  0.006524         0
     98/99     5.16G   0.01642   0.01001         0   0.02643        22       640    0.9706    0.8916    0.9495    0.7892   0.01783  0.006421         0
     99/99     5.16G   0.01539  0.009668         0   0.02505        10       640    0.9626    0.8784    0.9467    0.8096   0.01696  0.006464         0
