      0/99     3.25G    0.1122    0.0298         0     0.142        13       640   0.00101    0.2027 0.0002955 4.846e-05   0.09665   0.02281         0
      1/99      3.4G   0.09999   0.02964         0    0.1296        16       640  0.001246      0.25 0.0004412 6.332e-05   0.09305   0.02084         0
      2/99      3.4G   0.09428   0.03097         0    0.1253         9       640  0.001178    0.2365 0.0003676 6.921e-05   0.09184   0.01966         0
      3/99      3.4G   0.09252   0.02899         0    0.1215        18       640   0.02124  0.006757 0.0004332 7.478e-05    0.0923   0.01884         0
      4/99      3.4G   0.09443   0.02835         0    0.1228        17       640  0.002963   0.02703 0.0004425 6.531e-05   0.09376   0.01818         0
      5/99      3.4G   0.09208   0.02942         0    0.1215        10       640   0.00253   0.04054 0.0005791 9.459e-05   0.09508   0.01752         0
      6/99      3.4G   0.09157   0.03089         0    0.1225        22       640   0.00375    0.1014 0.0009175 0.0001258   0.09004   0.01826         0
      7/99      3.4G   0.08968    0.0297         0    0.1194        10       640  0.004283    0.1284  0.001241 0.0001779   0.08948   0.01824         0
      8/99      3.4G     0.089   0.03126         0    0.1203        14       640   0.01897    0.1149  0.004571 0.0007274   0.08388   0.01936         0
      9/99      3.4G   0.08618   0.02933         0    0.1155         8       640   0.04651    0.1554   0.01407  0.002467   0.08129   0.01875         0
     10/99      3.4G   0.08487   0.02857         0    0.1134        19       640    0.2314    0.2027    0.0898     0.025   0.07777   0.01866         0
     11/99      3.4G   0.08023    0.0287         0    0.1089         7       640    0.1875    0.2432   0.08129   0.02021    0.0775   0.01909         0
     12/99      3.4G   0.07792   0.02716         0    0.1051        11       640    0.3794    0.3243    0.1858   0.05055   0.06865   0.02149         0
     13/99      3.4G   0.07502   0.02737         0    0.1024        11       640    0.1859    0.2568   0.09474    0.0191   0.06955   0.02467         0
     14/99      3.4G   0.07321     0.026         0   0.09921         9       640     0.325    0.3176    0.1799   0.04847   0.07244   0.02352         0
     15/99      3.4G   0.06983    0.0285         0   0.09833        16       640    0.5455    0.4257    0.3779    0.1441   0.06274   0.01916         0
     16/99      3.4G   0.06793   0.02733         0   0.09526        25       640    0.2552    0.3176    0.1443   0.02606   0.07097   0.02306         0
     17/99      3.4G   0.06846   0.02685         0   0.09531        19       640    0.5505    0.3986    0.3489   0.09912   0.05797   0.02243         0
     18/99      3.4G   0.06445   0.02594         0   0.09038        18       640    0.7754    0.5597    0.6093    0.1736   0.06097   0.01741         0
     19/99      3.4G   0.05915   0.02532         0   0.08448        14       640    0.5487    0.3649    0.3445    0.1102   0.06767    0.0675         0
     20/99      3.4G   0.05709   0.02543         0   0.08252        16       640     0.774    0.6479     0.689    0.3038   0.04775   0.01665         0
     21/99      3.4G   0.05623   0.02412         0   0.08035         5       640    0.7459    0.6149    0.6102    0.2598   0.04906   0.01692         0
     22/99      3.4G   0.05407   0.02469         0   0.07876        22       640    0.6462    0.4459    0.4628    0.1882   0.05616   0.02434         0
     23/99      3.4G   0.05636   0.02379         0   0.08015        11       640    0.6754    0.5201    0.5071    0.1861   0.05173   0.01606         0
     24/99      3.4G   0.05466   0.02328         0   0.07794         9       640    0.5431    0.4658      0.41    0.2153   0.05159   0.02034         0
     25/99      3.4G   0.05402   0.02161         0   0.07562         5       640    0.4508    0.2568    0.2549   0.09127   0.05959   0.03021         0
     26/99      3.4G   0.05393   0.02276         0   0.07669        32       640    0.1142   0.05405   0.02183  0.007545    0.0872    0.0835         0
     27/99      3.4G   0.04987   0.02177         0   0.07163        13       640    0.2374    0.1351   0.07924   0.02305   0.08064   0.03768         0
     28/99      3.4G    0.0516   0.02117         0   0.07277         5       640   0.04255    0.1619   0.02842  0.005374   0.08944   0.06124         0
     29/99      3.4G   0.04694   0.02111         0   0.06804         9       640    0.6057    0.6747    0.6174    0.3442   0.04184   0.01407         0
     30/99      3.4G   0.04611    0.0218         0   0.06792        43       640    0.8051    0.6977    0.7492    0.3843   0.04072   0.01228         0
     31/99      3.4G   0.04384   0.01963         0   0.06347        15       640    0.7409    0.6014    0.6102    0.3609   0.04481   0.01523         0
     32/99      3.4G   0.04091   0.01955         0   0.06046        13       640    0.8322    0.6081    0.7312    0.4348   0.03794   0.01226         0
     33/99      3.4G    0.0408    0.0185         0    0.0593        11       640    0.7676    0.6486    0.6937    0.3597   0.04045   0.01355         0
     34/99      3.4G    0.0399   0.01862         0   0.05852        16       640    0.8091    0.7161    0.7592    0.4838   0.03923   0.01175         0
     35/99      3.4G    0.0383   0.01903         0   0.05732        12       640     0.843    0.7635    0.8063     0.537   0.03463   0.01151         0
     36/99      3.4G   0.03732   0.01881         0   0.05612        18       640    0.8938    0.6822    0.8088    0.5173   0.03448   0.01084         0
     37/99      3.4G   0.03772    0.0166         0   0.05432        17       640    0.4302    0.1284    0.1146   0.05451   0.08137   0.03438         0
     38/99      3.4G    0.0362   0.01762         0   0.05381        10       640    0.7659     0.796    0.7975    0.5155   0.03041   0.01149         0
     39/99      3.4G   0.03398   0.01761         0   0.05159        12       640    0.7496    0.5878    0.6754    0.4528   0.03532   0.01502         0
     40/99      3.4G    0.0356   0.01638         0   0.05198         8       640    0.8108    0.8107    0.8402    0.5608   0.02952      0.01         0
     41/99      3.4G   0.03476   0.01671         0   0.05147        12       640    0.6574    0.8038    0.7804    0.5161   0.03051   0.01118         0
     42/99      3.4G   0.03524   0.01647         0   0.05172        14       640     0.856    0.8041     0.874    0.5761   0.02716  0.009434         0
     43/99      3.4G   0.03421   0.01625         0   0.05046        13       640    0.8284    0.7838     0.826     0.554   0.03437   0.01057         0
     44/99      3.4G   0.03333   0.01688         0    0.0502        14       640    0.8879    0.8041    0.8578    0.5748   0.02801  0.009369         0
     45/99      3.4G   0.03189   0.01525         0   0.04714         8       640    0.9111    0.7635      0.88    0.5852   0.02751  0.009064         0
     46/99      3.4G   0.03083   0.01483         0   0.04566         8       640    0.8105    0.8378    0.8609    0.5654   0.03205   0.01058         0
     47/99      3.4G   0.03116   0.01572         0   0.04688        14       640    0.8253      0.83     0.889    0.6056   0.02664  0.009573         0
     48/99      3.4G   0.03067   0.01542         0   0.04609        17       640    0.8399    0.8176     0.897     0.634   0.02662  0.009004         0
     49/99      3.4G   0.03038   0.01435         0   0.04472         9       640    0.8914    0.7905    0.8744    0.6203   0.02527  0.009985         0
     50/99      3.4G   0.02999   0.01639         0   0.04639        29       640       0.9    0.7901    0.8812    0.6326    0.0254  0.009248         0
     51/99      3.4G   0.02973   0.01532         0   0.04505        25       640    0.9318     0.831    0.8978    0.6413   0.02535   0.00907         0
     52/99      3.4G   0.02822   0.01563         0   0.04386        41       640    0.9043    0.8295    0.8991    0.6445    0.0246  0.008407         0
     53/99      3.4G   0.02917   0.01375         0   0.04292         6       640    0.8793    0.8378    0.8824     0.637   0.02866  0.009491         0
     54/99      3.4G   0.02775   0.01395         0   0.04171        23       640     0.911    0.8311    0.8928    0.6592   0.02373  0.008201         0
     55/99      3.4G   0.02603   0.01328         0    0.0393        17       640    0.8666     0.878    0.9109    0.6607   0.02325  0.008502         0
     56/99      3.4G   0.02721   0.01376         0   0.04097        17       640    0.8929    0.8446    0.9044    0.6846   0.02269  0.008302         0
     57/99      3.4G   0.02666   0.01388         0   0.04055         9       640       0.9    0.8514     0.904    0.6587   0.02382  0.008329         0
     58/99      3.4G   0.02512   0.01321         0   0.03833         5       640    0.8666    0.8782    0.9084    0.6925   0.02118  0.008057         0
     59/99      3.4G   0.02545   0.01392         0   0.03937        17       640    0.9007     0.858    0.9156     0.692   0.02185   0.00822         0
     60/99      3.4G   0.02446   0.01227         0   0.03674        14       640    0.8619    0.8514    0.8768    0.6648   0.02681  0.009553         0
     61/99      3.4G   0.02529   0.01433         0   0.03962         7       640    0.9256    0.8446    0.9211    0.6876   0.02219   0.00803         0
     62/99      3.4G   0.02442    0.0137         0   0.03812        10       640     0.857    0.8506    0.9042    0.6784   0.02223  0.008106         0
     63/99      3.4G   0.02463    0.0137         0   0.03833         6       640    0.8879    0.8581    0.9095    0.6952    0.0236  0.008349         0
     64/99      3.4G   0.02525   0.01295         0    0.0382        11       640    0.9416    0.8715    0.9164    0.6988   0.02206  0.007515         0
     65/99      3.4G   0.02459   0.01261         0   0.03719        16       640     0.942    0.7703    0.8927    0.7001   0.02176  0.008195         0
     66/99      3.4G   0.02346   0.01233         0   0.03579        23       640    0.9308    0.8175    0.9052    0.7201   0.02135  0.007688         0
     67/99      3.4G   0.02261   0.01236         0   0.03496        10       640    0.9384    0.8238    0.9052     0.726    0.0221  0.008278         0
     68/99      3.4G   0.02202   0.01324         0   0.03526        26       640    0.9007    0.8577    0.9134    0.7139    0.0208  0.007387         0
     69/99      3.4G   0.02447   0.01278         0   0.03725        19       640    0.9343    0.8644    0.9133    0.7155   0.02086  0.007632         0
     70/99      3.4G   0.02293   0.01245         0   0.03538        10       640    0.8848    0.8851     0.898     0.684   0.02215  0.007567         0
     71/99      3.4G   0.02264   0.01287         0   0.03551        11       640    0.8792     0.885     0.912    0.7349   0.01899  0.007482         0
     72/99      3.4G   0.02101   0.01091         0   0.03192         9       640    0.8835    0.8716    0.9096    0.7202   0.02006  0.007306         0
     73/99      3.4G    0.0223   0.01237         0   0.03467        16       640    0.9398    0.8445    0.9284    0.7334   0.01843  0.007385         0
     74/99      3.4G    0.0193   0.01075         0   0.03006        10       640    0.9097     0.885    0.9295    0.7525   0.01867  0.006921         0
     75/99      3.4G   0.02086   0.01229         0   0.03315        15       640    0.9545    0.8514    0.9298    0.7503   0.01979  0.007404         0
     76/99      3.4G   0.02098   0.01243         0   0.03341        13       640     0.947    0.8445    0.9164    0.7329   0.01958  0.007412         0
     77/99      3.4G   0.01994   0.01184         0   0.03178        13       640    0.9694    0.8581    0.9235    0.7414   0.01929  0.007129         0
     78/99      3.4G   0.02135   0.01138         0   0.03274        12       640    0.8456    0.7769     0.837    0.6434   0.02494  0.009956         0
     79/99      3.4G   0.01941   0.01182         0   0.03123        14       640    0.9611    0.8378    0.9192    0.7587   0.01852  0.006852         0
     80/99      3.4G   0.01984   0.01211         0   0.03195        15       640    0.9527    0.8176    0.9235    0.7476    0.0185  0.006829         0
     81/99      3.4G   0.02082    0.0121         0   0.03293        14       640    0.9047    0.8984     0.928    0.7493   0.01801  0.006452         0
     82/99      3.4G    0.0205   0.01247         0   0.03297        13       640    0.9348    0.8716    0.9182    0.7494    0.0182  0.006466         0
     83/99      3.4G   0.01911   0.01175         0   0.03086        33       640    0.9166    0.8916     0.929    0.7583   0.01887  0.006812         0
     84/99      3.4G   0.01914   0.01177         0   0.03091         5       640    0.9252    0.8514    0.9207    0.7512   0.01918  0.006919         0
     85/99      3.4G   0.01896   0.01172         0   0.03068        22       640    0.9166    0.8919    0.9323    0.7574   0.01835  0.006626         0
     86/99      3.4G   0.01884   0.01083         0   0.02967        17       640     0.916    0.8851     0.921    0.7488   0.01877  0.006876         0
     87/99      3.4G   0.01868   0.01155         0   0.03023        13       640     0.955    0.8649    0.9276    0.7568   0.01806  0.006557         0
     88/99      3.4G   0.01859   0.01112         0   0.02971        10       640    0.8972    0.8919    0.9208     0.753   0.01779  0.006671         0
     89/99      3.4G   0.01796    0.0114         0   0.02936        18       640    0.9465    0.8374    0.9231    0.7622   0.01753  0.006974         0
     90/99      3.4G    0.0191   0.01145         0   0.03055        20       640    0.9485    0.8716    0.9169    0.7515   0.01864  0.006564         0
     91/99      3.4G    0.0184   0.01098         0   0.02938        35       640    0.9483    0.8716    0.9274    0.7648   0.01825  0.006621         0
     92/99      3.4G   0.01787   0.00944         0   0.02731         7       640    0.9202    0.8649     0.934    0.7705   0.01747  0.006367         0
     93/99      3.4G   0.01682   0.01095         0   0.02778        11       640    0.9115    0.9054    0.9195    0.7538   0.01838  0.006546         0
     94/99      3.4G   0.01832    0.0101         0   0.02842        11       640    0.8951    0.8648    0.9157     0.761   0.01856   0.00726         0
     95/99      3.4G   0.01792   0.01047         0   0.02838        19       640    0.9343    0.8641    0.9223    0.7757   0.01797  0.006513         0
     96/99      3.4G   0.01706    0.0102         0   0.02725        16       640    0.9041    0.8918    0.9238    0.7545   0.01771  0.006386         0
     97/99      3.4G    0.0173  0.009654         0   0.02695         9       640    0.9394    0.8378    0.9275    0.7662    0.0173  0.006411         0
     98/99      3.4G   0.01734   0.01068         0   0.02802         6       640    0.9225    0.8851    0.9296     0.775   0.01754  0.006443         0
     99/99      3.4G   0.01748  0.009873         0   0.02735        13       640    0.9295    0.8919    0.9343    0.7702   0.01756  0.006287         0
