      0/99    0.682G    0.1107   0.02136         0     0.132        18       416  0.001662    0.2568 0.0004501 8.329e-05    0.0967   0.01624         0
      1/99    0.902G    0.1029   0.02335         0    0.1262        15       416  0.001788    0.3514 0.0007295 0.0001195   0.09325   0.01628         0
      2/99     1.16G   0.09874   0.02399         0    0.1227        22       416  0.002194    0.4054  0.001306  0.000232   0.09112   0.01647         0
      3/99     1.16G   0.09933   0.02279         0    0.1221        10       416  0.001548    0.1757 0.0004366 6.976e-05    0.1077   0.03224         0
      4/99     1.16G   0.09532   0.02517         0    0.1205        20       416  0.001322    0.2635  0.000364 6.138e-05    0.1024   0.03486         0
      5/99     1.16G   0.09669   0.02437         0    0.1211         8       416  0.006517  0.006757 0.0004815 7.692e-05    0.1154   0.02826         0
      6/99     1.16G   0.09561   0.02599         0    0.1216        22       416   0.04751  0.006757  0.001051  0.000206    0.1063   0.02293         0
      7/99     1.16G   0.09447    0.0248         0    0.1193        11       416  0.001828    0.2365 0.0007351 0.0001103    0.0937   0.01593         0
      8/99     1.16G   0.09388   0.02609         0      0.12        21       416  0.003106    0.0473 0.0008451 0.0001303    0.0936   0.01524         0
      9/99     1.16G   0.09502   0.02301         0     0.118        10       416  0.005255   0.04054  0.001495 0.0002194   0.09055   0.01602         0
     10/99     1.16G    0.0929   0.02335         0    0.1162        24       416  0.009248   0.02027  0.001714 0.0003172   0.09128   0.01587         0
     11/99     1.16G   0.09122   0.02403         0    0.1153         8       416   0.02239   0.01351  0.001391 0.0002172    0.1005   0.01426         0
     12/99     1.16G   0.08814    0.0251         0    0.1132         8       416    0.1789   0.09459   0.02615  0.005982   0.08774   0.01556         0
     13/99     1.16G   0.08562   0.02373         0    0.1093        24       416    0.1109   0.08108   0.01617  0.003344   0.08903   0.01891         0
     14/99     1.16G   0.08329   0.02401         0    0.1073        14       416   0.08459    0.1824   0.04031   0.00601   0.08248   0.01941         0
     15/99     1.16G   0.07971   0.02343         0    0.1031        10       416    0.1002      0.25   0.04909  0.007898   0.07354    0.0199         0
     16/99     1.16G   0.07709   0.02336         0    0.1005        16       416     0.305      0.25    0.1625    0.0455    0.0722   0.01819         0
     17/99     1.16G   0.07294   0.02212         0   0.09505         8       416    0.2185    0.2635    0.1671   0.03385   0.07482   0.01818         0
     18/99     1.16G   0.07089   0.02257         0   0.09346        12       416    0.1169    0.1959   0.05716   0.01119    0.0804   0.05069         0
     19/99     1.16G   0.06721   0.02297         0   0.09018        19       416    0.4666    0.3311    0.2882   0.08301    0.0612   0.01939         0
     20/99     1.16G   0.06893   0.02158         0    0.0905         7       416    0.6179    0.4865    0.4777    0.1623   0.05949   0.01623         0
     21/99     1.16G    0.0645   0.02164         0   0.08615         8       416    0.3979     0.527    0.3352   0.08276   0.06023    0.0177         0
     22/99     1.16G   0.06262   0.02136         0   0.08398        14       416    0.5772    0.5203    0.4586     0.197   0.05726   0.02094         0
     23/99     1.16G   0.06276   0.02265         0   0.08541        21       416    0.2583    0.2095      0.14   0.04046   0.06947   0.03226         0
     24/99     1.16G   0.06065   0.02183         0   0.08248        17       416   0.05072    0.0473  0.006677  0.001222   0.09776    0.0966         0
     25/99     1.16G   0.05865   0.02015         0   0.07879         7       416    0.1655    0.1959   0.08636   0.02579   0.07586   0.03217         0
     26/99     1.16G   0.05785   0.02208         0   0.07993         4       416    0.5359    0.4994    0.4459    0.1083   0.05807   0.01894         0
     27/99     1.16G   0.05773   0.02016         0   0.07789        29       416    0.5269    0.5743    0.4588    0.1476   0.05267   0.01797         0
     28/99     1.16G   0.05361   0.01988         0   0.07349        10       416    0.8124    0.6145    0.6528    0.2986   0.04836   0.01523         0
     29/99     1.16G   0.05291   0.01883         0   0.07174         5       416    0.7112    0.4658    0.5171     0.238   0.04886   0.01416         0
     30/99     1.16G   0.05029   0.01859         0   0.06888         7       416     0.809    0.5743    0.6481    0.3343   0.04302   0.01444         0
     31/99     1.16G   0.04773   0.01828         0   0.06601         6       416    0.8738    0.6552    0.7068    0.3233   0.04436   0.01238         0
     32/99     1.16G   0.04705   0.01827         0   0.06532        19       416      0.83    0.6622    0.7092    0.3323   0.04209   0.01279         0
     33/99     1.16G   0.04476   0.01773         0   0.06249         9       416    0.7895     0.608    0.6244    0.3204   0.04342    0.0119         0
     34/99     1.16G   0.04172   0.01684         0   0.05855        14       416    0.9499    0.6554    0.7346    0.4131   0.03549   0.01205         0
     35/99     1.16G   0.04117   0.01816         0   0.05932        41       416    0.8947    0.6891    0.7622    0.4349   0.03729   0.01136         0
     36/99     1.16G   0.04201   0.01611         0   0.05812        17       416    0.8907    0.7161    0.7945    0.4903   0.03443   0.01083         0
     37/99     1.16G   0.04021   0.01714         0   0.05734        18       416    0.8272    0.6146    0.6979    0.3616   0.04122   0.01118         0
     38/99     1.16G   0.04097   0.01642         0   0.05739        25       416    0.8605    0.7095    0.7496    0.4564    0.0358   0.01053         0
     39/99     1.16G    0.0394   0.01604         0   0.05544        18       416    0.8758    0.7162    0.8003    0.5154   0.03053  0.009662         0
     40/99     1.16G   0.03764   0.01552         0   0.05315        15       416    0.8429    0.6891    0.7521    0.4759   0.03285   0.01007         0
     41/99     1.16G   0.03814   0.01716         0    0.0553        21       416    0.7619    0.7095     0.715    0.4451   0.03483    0.0108         0
     42/99     1.16G    0.0369   0.01504         0   0.05195        10       416    0.7578    0.7027    0.7315    0.3913   0.03854   0.01101         0
     43/99     1.16G   0.03695   0.01572         0   0.05267        22       416    0.7911    0.6143    0.7057    0.4637   0.03214   0.01074         0
     44/99     1.16G   0.03629   0.01489         0   0.05118        15       416    0.7169      0.77    0.7659    0.5032   0.03081   0.01031         0
     45/99     1.16G   0.03646   0.01599         0   0.05245        13       416    0.8096    0.6351    0.7197    0.4436   0.03472   0.01066         0
     46/99     1.16G   0.03847   0.01522         0   0.05369        11       416     0.878    0.7296    0.8132    0.5086   0.03274  0.008886         0
     47/99     1.16G   0.03448   0.01439         0   0.04887         8       416    0.8749    0.7562    0.8293    0.5349   0.02891  0.009163         0
     48/99     1.16G   0.03393    0.0148         0   0.04873         7       416    0.8256    0.7365     0.799    0.5179   0.02958  0.009746         0
     49/99     1.16G   0.03212    0.0146         0   0.04672        22       416    0.8091    0.8304    0.8391    0.5864   0.02744  0.008715         0
     50/99     1.16G   0.03432   0.01538         0    0.0497        27       416    0.8531    0.8243    0.8465    0.5249   0.03045  0.008622         0
     51/99     1.16G   0.03476   0.01383         0   0.04859        14       416    0.9186    0.7629    0.8592    0.5762    0.0291  0.008687         0
     52/99     1.16G   0.03223   0.01446         0   0.04669        15       416      0.82    0.8309    0.8422    0.5848   0.02681  0.008822         0
     53/99     1.16G   0.03233   0.01417         0    0.0465         8       416    0.8646    0.7764    0.8511    0.5878   0.02726  0.008461         0
     54/99     1.16G   0.03174   0.01426         0     0.046         6       416    0.9187    0.7633    0.8562    0.6204   0.02671  0.008361         0
     55/99     1.16G   0.02905   0.01314         0   0.04218        22       416    0.8345    0.7493    0.8198    0.5132   0.03069  0.008496         0
     56/99     1.16G   0.03095   0.01412         0   0.04508        14       416    0.7919     0.797    0.8146    0.5832   0.02771  0.008615         0
     57/99     1.16G   0.02887   0.01315         0   0.04202        14       416    0.8667      0.75    0.8151    0.5868   0.02483  0.008515         0
     58/99     1.16G   0.02962   0.01357         0   0.04319        10       416    0.8869    0.8108    0.8537    0.6295   0.02488  0.007397         0
     59/99     1.16G   0.02917   0.01382         0     0.043        12       416    0.9291    0.7968    0.8757    0.6273   0.02425  0.007273         0
     60/99     1.16G   0.02928   0.01349         0   0.04277        17       416    0.8481    0.8311    0.8648     0.612   0.02626  0.007807         0
     61/99     1.16G   0.02959   0.01429         0   0.04388        20       416    0.8529    0.7836    0.8591     0.605   0.02484  0.008141         0
     62/99     1.16G   0.02869   0.01318         0   0.04186        21       416    0.8719    0.7838    0.8581    0.6588   0.02408  0.007442         0
     63/99     1.16G   0.02783   0.01292         0   0.04074        11       416     0.851    0.8107    0.8374    0.6083   0.02803  0.007934         0
     64/99     1.16G   0.02785   0.01242         0   0.04026        13       416    0.8537      0.75    0.8179    0.5929   0.02944  0.008299         0
     65/99     1.16G   0.02687   0.01234         0   0.03921        14       416    0.9435    0.7905    0.8806      0.67   0.02268  0.007519         0
     66/99     1.16G   0.02758   0.01332         0    0.0409        12       416    0.8947    0.8036    0.8826    0.6376   0.02331  0.007401         0
     67/99     1.16G   0.02784   0.01294         0   0.04079        12       416    0.9339    0.7634    0.8632    0.6538   0.02238  0.007414         0
     68/99     1.16G   0.02709   0.01268         0   0.03977        12       416    0.5832    0.5338    0.5471    0.3761   0.04187   0.01288         0
     69/99     1.16G   0.02768   0.01262         0    0.0403        27       416    0.9262    0.7633    0.8821     0.658   0.02314  0.007597         0
     70/99     1.16G   0.02629   0.01283         0   0.03911        15       416     0.855    0.7971    0.8599    0.6519    0.0243  0.007349         0
     71/99     1.16G   0.02614    0.0131         0   0.03924        18       416    0.9133    0.7905    0.8749    0.6583   0.02382  0.007377         0
     72/99     1.16G   0.02477   0.01152         0   0.03629        11       416     0.885    0.7838    0.8808    0.6757   0.02324  0.007055         0
     73/99     1.16G   0.02575   0.01202         0   0.03777        19       416    0.8801    0.8446     0.897    0.6813   0.02403  0.007028         0
     74/99     1.16G   0.02464   0.01212         0   0.03677        22       416    0.8794    0.8378    0.8879    0.6835   0.02308  0.007067         0
     75/99     1.16G   0.02516   0.01174         0    0.0369        23       416    0.8759    0.8108    0.8722    0.6548   0.02296  0.007166         0
     76/99     1.16G   0.02516   0.01199         0   0.03715        13       416    0.9256    0.7563    0.8762    0.6817   0.02267  0.007074         0
     77/99     1.16G    0.0251   0.01234         0   0.03744        12       416    0.9584    0.7838    0.8972     0.684    0.0217  0.007035         0
     78/99     1.16G   0.02403   0.01178         0   0.03581         4       416    0.8999    0.7905    0.8856    0.6675    0.0218  0.007073         0
     79/99     1.16G   0.02449   0.01242         0   0.03691        10       416    0.9419    0.7703     0.892    0.6857    0.0238   0.00731         0
     80/99     1.16G   0.02365   0.01144         0   0.03509        20       416    0.9212    0.7903    0.8929    0.6791   0.02197  0.007063         0
     81/99     1.16G   0.02262   0.01102         0   0.03364        22       416    0.9198     0.777    0.8935    0.6939   0.02032  0.006718         0
     82/99     1.16G   0.02295   0.01107         0   0.03401        15       416    0.9284    0.7905    0.9008    0.7008   0.02014  0.006597         0
     83/99     1.16G   0.02277   0.01156         0   0.03433        13       416     0.861    0.8378    0.8849    0.6861   0.02103  0.007055         0
     84/99     1.16G   0.02248   0.01044         0   0.03292        16       416    0.8768    0.8176    0.8858    0.6984   0.02196  0.006964         0
     85/99     1.16G   0.02294   0.01131         0   0.03426        25       416    0.9088    0.8108    0.8793     0.694   0.02059  0.006788         0
     86/99     1.16G    0.0227   0.01128         0   0.03397        10       416    0.8839    0.8243    0.8782    0.6986   0.02031  0.006604         0
     87/99     1.16G   0.02315   0.01152         0   0.03466        10       416    0.9167    0.8175    0.8949    0.7043   0.01998  0.006789         0
     88/99     1.16G    0.0215   0.01091         0   0.03241        24       416    0.8889    0.8108    0.8825    0.6876   0.02145  0.006693         0
     89/99     1.16G   0.02246    0.0121         0   0.03456         7       416    0.8718    0.7838    0.8538    0.6696   0.02161  0.007121         0
     90/99     1.16G   0.02205   0.01135         0   0.03339        10       416    0.9199    0.7838    0.8919    0.6963   0.02289  0.007512         0
     91/99     1.16G   0.02201   0.01101         0   0.03302         7       416    0.9435    0.7904    0.8777    0.6894   0.02138  0.006751         0
     92/99     1.16G   0.02264   0.01128         0   0.03392        14       416    0.9592    0.7973     0.896    0.7205   0.01941  0.006511         0
     93/99     1.16G   0.02118   0.01104         0   0.03223        11       416    0.8559    0.8446    0.8808    0.6907   0.02077  0.006905         0
     94/99     1.16G   0.02201   0.01185         0   0.03386         6       416    0.9167    0.8176    0.8924    0.7047   0.01993  0.006705         0
     95/99     1.16G   0.02155   0.01148         0   0.03303        21       416    0.9297    0.8037    0.9011    0.7072   0.01937   0.00661         0
     96/99     1.16G    0.0218   0.01217         0   0.03397        27       416    0.9153    0.8041     0.888    0.7041   0.01959  0.006396         0
     97/99     1.16G   0.02123   0.01117         0   0.03239        23       416    0.9026    0.8176    0.9063      0.71   0.01904  0.006378         0
     98/99     1.16G    0.0205   0.01064         0   0.03114         7       416    0.8897    0.8176    0.8849    0.7007   0.01969  0.006648         0
     99/99     1.16G   0.02167   0.01013         0   0.03179         9       416    0.9254    0.8378    0.9074    0.7136   0.01961  0.006625         0
